20738
19659
16593
31311
27151
28503
9819
8040
16868
14773
23528
8713
11362
3667
24573
21819
1216
7842
5402
27913
23595
28453
1412
17203
31664
25032
5191
21543
15708
14962
16252
2092
162
20957
22472
7393
15868
27302
20773
17126
32213
23712
4325
17369
13991
2670
23796
17540
22113
21841
20573
30548
31499
830
30991
21261
7852
19252
738
8637
14956
31692
5077
31727
9462
28690
15769
1056
12320
18067
10324
30327
18894
3767
23199
24752
9235
24657
17104
5722
10394
4469
25983
13634
15173
32394
21827
20015
4115
6303
22461
1487
6215
11779
23512
16882
19143
8463
9550
14070
19394
327
20847
27010
14229
15010
6430
30840
5360
20261
29724
17188
12852
20150
393
16314
29216
304
22951
5631
19373
30387
11490
21062
310
29246
21517
17566
21212
25215
13807
24650
12329
23785
9726
12145
11508
20232
8298
12055
15748
23057
1885
10060
32248
3262
17794
21411
2277
28504
31172
28646
8514
5653
4184
32008
13185
11685
27901
21083
29183
13832
2690
20227
4254
24482
13193
16299
25520
16017
14476
19575
26136
18494
18205
825
27307
20274
18034
20967
31965
28972
23840
1357
13465
11120
1063
8191
368
2401
19247
7570
12534
8530
12817
30219
13417
21402
15257
30104
27028
32742
7563
15486
27379
9428
12771
31571
11032
7613
3425
16237
24397
29393
24389
25498
32123
28522
32344
30993
20811
29338
18219
15529
27786
11782
12195
27721
30418
18168
13237
4256
8295
3503
32623
3862
15455
16122
31288
6146
17926
1029
5976
17693
21888
9330
4027
31799
18352
7851
26865
27176
7513
6775
28026
10762
21891
27084
31297
27813
18209
3045
17766
13355
15856
26259
576
30758
24226
10712
1699
17838
5692
4530
21854
12255
6333
31285
12808
9354
13056
31196
8701
31019
29667
30241
32419
17435
28841
26187
31986
22023
10397
14472
20019
26529
19448
3387
15879
20373
27141
15511
29100
21695
19075
23149
11388
28827
30283
11330
15798
5629
13107
17829
31617
20482
30513
16064
28462
19782
5828
14636
5822
11095
12943
9994
24484
5738
10311
2127
16076
4429
2768
4703
2523
31133
26019
30174
30137
7225
20339
14018
24141
28150
4112
19117
15239
15509
23947
29051
26532
27634
29851
31766
6829
4989
4159
30098
16193
4078
1189
25206
1173
23861
331
2647
20921
19632
15972
32684
32285
27553
6525
23005
29523
11743
25952
21917
7190
12492
28985
20346
17548
10886
2807
19634
20424
22882
245
1609
26259
1942
26330
10840
876
30517
8638
18344
32717
19041
32654
6015
1712
15292
23985
6586
4178
15135
8939
14108
19255
17039
4226
24038
5742
30572
11936
19624
28950
27628
22521
32598
801
5320
10413
29342
9048
18229
21616
12665
32415
21270
10216
24833
17531
3440
14678
16002
31953
24350
3193
17363
27377
11206
11696
26087
8658
9483
2142
8607
11679
24068
31890
19170
30323
13037
30696
20976
16482
22813
5546
29427
27832
11064
2619
984
24709
1446
23990
21596
13401
18244
14802
21610
4428
19033
20233
29860
24385
27083
5369
30016
10348
26259
27146
5909
22034
16750
22097
25333
10896
23765
30132
31550
7327
31536
19791
11180
30678
27975
4119
11121
26225
1273
5821
17800
18512
8240
3798
23366
31555
24596
9528
30002
30852
24703
12199
22038
27525
945
6577
17494
9708
9798
6358
32129
5340
20325
27628
2086
7031
12601
10690
22505
30369
3493
25348
30677
3590
21299
7006
12020
22110
1614
24036
21277
10480
19122
28850
15886
13396
8480
27599
6331
27262
11606
14168
28901
4088
6206
13530
19693
20591
25190
6143
12779
31857
15024
12909
20475
21621
11595
14059
18647
1308
16097
14277
17579
14518
18450
25714
18724
25096
9506
19061
1738
9293
3566
7553
4241
31866
10789
19168
12714
4038
13748
23574
21919
17258
18818
27841
13983
421
7262
14275
17943
20484
20534
32675
898
6880
8073
22065
13697
23080
32542
1897
14638
29537
2039
11162
23469
31978
15745
9416
29189
18053
1037
2894
9006
19219
23427
19911
6252
28575
12885
2095
2011
13214
25779
22086
19786
13941
15358
9525
1356
13884
638
18548
24205
27586
32599
21995
5475
26577
28345
3416
19877
21939
19032
20208
16064
18164
30236
25929
26119
27754
9497
9847
13131
24691
2753
12406
25516
26238
11352
17608
32430
17357
26281
1886
10640
5497
31736
9404
17625
18358
15927
9049
2099
4696
10621
25668
4220
7830
691
5901
5147
14862
20113
9443
12688
15114
13513
22266
3151
31234
9089
15408
11215
1122
18183
4591
20702
27788
10688
13397
13623
23329
4194
22930
26966
17789
26211
7314
17547
28032
20146
6877
6990
3732
11428
10683
12242
23531
14641
26267
4317
13321
30816
9909
23254
11651
8960
2543
3872
24838
22681
13565
30118
5274
11682
30413
15543
11304
27124
23842
19221
826
2943
31871
30792
5123
24892
28486
7992
3999
21090
20513
16123
19356
9693
13217
7660
10424
24060
25893
8957
22252
31850
27390
22862
6826
16991
5584
20990
30564
16663
7995
22593
25421
20100
7099
11186
26723
12864
17357
13547
22189
7877
22612
26707
27585
19168
9786
19256
5002
16227
27994
20254
9800
11547
11934
30550
18392
24321
9572
31954
19510
7348
28711
25655
17728
4391
11355
14900
7613
2455
2456
27155
26013
8385
6139
25229
13186
10833
21962
31971
16256
29341
16470
23082
6945
9875
27686
10982
10925
30704
26705
5339
17320
20916
28972
11040
5275
12498
13861
11381
14872
29995
14063
31702
9464
16061
31712
1873
13799
11032
11671
4372
12835
1810
20449
3786
30080
18620
9182
4904
1456
26005
30047
30146
27329
22781
22419
11556
28903
28396
5347
3870
14204
9955
22042
27487
12613
17187
17609
13381
31223
22558
11498
10740
9465
28715
25027
15270
26988
6013
27149
4930
20329
25686
14166
32559
17033
20344
27812
11882
11691
28893
30811
29398
1009
29863
1376
32212
23308
23642
1919
19220
31418
24649
26378
11691
1420
1358
4035
13157
7917
15038
26364
21084
12896
5276
27901
5321
16393
30221
3494
14107
21103
16396
25686
27718
384
22623
30475
15454
9942
7370
11466
12644
10040
5762
833
18016
30052
484
18347
19631
12811
32359
22260
15263
3358
31440
10525
7737
19528
12709
11235
4958
6844
18915
12443
5142
1584
28659
29025
29732
19753
31451
29041
20702
25210
29106
15573
25147
18951
1366
19265
25134
13007
21089
2619
32306
29226
32600
21118
1830
17486
2854
19617
21340
30232
24521
2292
1773
23562
32076
20139
13903
14992
20725
26174
5929
903
3263
25359
13157
3327
4874
12366
21127
9536
19090
25881
3390
10252
28318
9192
16185
31012
12154
2345
19260
2062
14118
27943
25971
16660
26192
32048
22534
3984
23936
28663
30189
21863
9875
22839
12294
31700
4714
24729
101
359
7907
24536
8171
10573
30984
11299
14874
12241
28551
3779
4903
10275
26979
12541
21585
26456
13544
32570
29298
8371
17124
18277
25300
5923
8724
5781
4677
2060
20189
6636
21102
13130
11068
1727
12640
9332
13056
19958
28528
8541
16439
7862
1861
25057
29670
31806
31791
29918
5885
27407
25274
30336
1929
31056
22404
31682
1580
9840
22603
22321
30666
28173
13130
6899
28550
31253
198
31753
5357
16427
23268
31441
14960
3660
18365
29903
14360
19122
2484
940
24181
27384
18952
19839
5592
26240
20901
10828
32194
10258
17472
17098
8347
17093
4514
3178
4007
28195
4420
18068
31543
3464
31773
23860
6940
18123
14520
21621
31585
27680
11657
8652
314
15677
3457
5689
15415
17340
21216
15818
22461
20161
23627
22624
16567
20956
24606
20405
21385
11057
10755
20126
9797
5334
22212
23950
17186
17788
605
10332
26410
1106
7254
20806
6450
13350
22095
30005
11535
6605
24797
17731
1799
25030
27284
22906
13190
10522
5477
8414
10002
3462
22059
4782
14977
2268
29312
1256
14186
7079
4309
19467
2265
2830
3778
2080
25671
13819
4506
17147
32457
17788
1347
17343
8839
15465
32068
15264
14448
10823
11296
12269
6700
1388
25827
17741
16466
28772
23290
20553
8412
28308
5191
20234
20952
19485
16757
12388
17504
15619
28809
3092
11211
30607
19898
12358
25893
19953
26243
10331
29405
2858
8950
8424
24766
5929
26963
19714
9248
9780
8153
12473
19552
30602
220
29922
6029
26439
29976
10266
16228
22407
26693
4359
4735
13518
19436
30177
11721
6568
15480
32049
27189
21900
31888
3033
21168
23302
15012
17493
13908
22806
21702
2880
10974
979
3772
13594
4962
20563
28243
16712
32573
10191
12790
18012
30028
22019
5502
29591
32603
14036
22860
19372
2528
26421
16277
31943
27626
32075
29694
31182
11092
3023
4457
14567
20798
29877
14862
15162
25277
20235
30157
16888
20946
25635
19138
21660
31385
2036
17435
31857
195
20670
23334
22868
8518
29165
30382
29627
19539
15936
29832
28662
7049
5418
29033
1717
30824
16249
17147
26315
1800
32565
22575
25649
10507
22219
29652
6222
11472
19306
30057
22389
31977
9902
9263
8112
25552
31612
12419
25788
14293
29229
24427
23892
859
8174
5231
13747
32068
28006
11690
19284
26026
20634
26144
22012
6864
24078
12882
8698
31320
29997
19216
16301
25270
3051
23183
19528
26852
23977
32699
14290
5719
345
7118
11377
17203
10978
7714
31463
24763
7110
16963
12381
18443
1794
29769
14688
24841
27702
20325
13865
13721
11781
27321
25633
17680
26559
26733
16548
11244
17981
31487
18693
29634
26637
21722
31699
8055
2256
13867
32603
18355
31711
3312
4462
23443
14901
23377
9317
22942
1929
22580
19809
5371
29370
32268
26584
23265
13680
31729
4685
3150
14081
15606
26718
32764
13969
31159
7684
16529
24702
2097
24599
31509
21243
24023
7696
12714
22010
30690
8467
1655
19024
7656
5165
13030
5139
12976
25050
32527
1095
1861
2762
19828
1466
25673
23012
3822
4397
15756
6540
13031
11444
17373
11809
26570
31328
18720
14794
16312
6682
10913
11635
3453
25298
13736
27410
3522
14042
14926
23855
12419
30604
16526
10147
5828
23603
5023
21920
6272
12329
6017
10481
26339
15420
7383
28291
7865
24406
9972
31781
24357
6750
22584
15244
14486
4953
30877
26266
2039
21461
19085
22752
4646
18055
8695
6753
29608
14387
29089
1944
14491
24524
17088
15037
12523
12765
19142
6725
21705
807
4987
12456
19801
16011
26959
12646
30123
12843
1006
20300
26605
14285
7446
18419
27359
15488
27045
18571
21383
27521
10487
4054
12069
95
15982
29047
18793
1118
2386
7789
25316
31513
28380
22235
11197
17004
19085
26890
22181
10641
14532
8624
22540
905
28560
4467
9621
14526
6595
19369
2504
7142
26696
610
24584
1578
19894
9128
19652
32392
6180
23557
17905
28790
23872
8774
32695
13768
27803
12415
4458
30675
15431
3663
26301
11219
932
4197
20786
11914
30839
28995
19925
17194
25148
26434
21290
31093
30654
23511
15204
16163
15076
10260
7895
8324
18126
31346
12976
31846
17440
18893
32740
12089
30622
31152
1638
31089
7930
5075
8349
9516
4073
15074
15125
12053
19836
14976
13429
30344
1966
22668
31153
14583
14650
19363
12928
23692
22447
31462
4625
19983
18885
27389
8185
30219
6130
31836
3441
2348
2873
24260
27326
14316
11843
24077
20720
366
25776
27684
21455
11690
3247
3152
20499
13003
24268
953
27091
2517
10
29482
20288
13963
31282
15894
5011
1680
3690
25305
13892
19404
5641
10305
10877
5649
26026
17485
29390
12287
26240
24628
9506
25381
23017
7593
27378
18280
31557
350
20920
8617
29704
26311
32679
5538
22030
24864
8345
12049
4143
11697
8009
1561
4372
6993
32450
741
3144
2857
26647
1166
5522
28346
16469
28479
1667
26402
23222
26007
25163
27034
6935
12622
11217
3396
7340
7964
25090
26148
12531
20950
5736
4459
19174
20699
20991
22268
10869
21934
15429
1065
23603
7396
14481
25533
24912
15937
28069
30528
5063
20510
27526
21878
6872
23053
25484
21033
953
23232
9909
21288
21129
25895
24126
30352
8069
6361
12917
28234
5246
31157
21449
13525
24203
27337
6691
32582
26619
20595
11897
4237
28301
7621
29344
20985
18916
20782
7009
21759
30261
9303
12496
8759
14147
29516
26841
31143
26509
7900
4124
26692
18373
28226
29947
22198
25221
13317
2288
30044
22590
14876
11300
10640
10097
14678
22334
24620
17697
24569
6009
26956
6536
11177
4346
16726
13577
6796
31584
27448
20838
30636
19612
16369
29491
18077
1539
22355
16266
4703
22433
28167
23041
9093
3537
27857
24281
24983
32011
29973
19832
25526
24572
5787
30489
29822
23516
4751
17859
3377
7932
20428
28535
3089
19870
25690
27054
10765
12554
22580
12547
29600
23774
1359
14636
18679
16038
14553
6446
10578
19372
31166
18385
19884
16658
6257
31826
22174
10781
27625
1881
4481
8404
24554
14378
6355
31946
14469
8735
21467
25656
12002
22102
6544
29518
19261
26023
31416
28107
8239
16089
30541
11980
19247
15637
8996
19169
24152
31386
32209
6246
5997
15283
453
4625
2074
1510
11961
18375
4988
14191
4944
20916
25828
13037
6647
31130
17368
29530
7440
3689
26971
7232
1617
5649
14959
23082
32102
20884
3031
10073
27102
18271
21281
18617
19524
18394
26852
5908
12940
8254
16455
26756
19378
28583
14274
11822
24221
21098
26409
6701
10313
22440
3814
25037
25893
29987
3205
28666
2490
27985
30839
7160
28302
23471
20751
14420
29512
23384
22225
3610
23828
31702
32236
6216
29769
30776
6405
4995
9546
25700
8502
13833
10410
17583
16215
9191
30355
17323
31356
29548
2408
31296
12222
21981
13225
32255
14143
14442
3351
10674
23144
29025
15129
21560
32629
19874
6239
27024
11828
4691
32709
6707
21001
18132
15994
5287
23862
23285
29025
32081
12633
32103
20919
6283
28982
13937
13559
23286
8119
6884
17402
21521
12337
11089
11619
9995
27625
13177
22330
1494
20695
15877
21463
25213
19882
28792
7682
19127
32524
25441
24664
8636
21030
19157
19441
11351
12391
796
16959
9021
6273
21931
22073
16285
18613
2642
26809
30200
24145
6327
25635
21299
3703
3587
23368
12267
23583
31451
3978
11784
28511
32146
8768
13461
29163
15517
30044
24015
5336
25927
32587
2939
9125
678
5660
5501
18555
16589
30181
18087
26036
28739
1634
7119
10395
23988
9184
31012
14706
20967
28505
18882
11450
19952
27105
15747
6574
22439
24384
6424
31249
27224
25569
19545
14121
24508
27115
17114
2060
25896
12717
8895
1306
20741
6463
28113
5323
27776
3942
14545
5547
1410
11705
27916
27042
23779
15874
18479
18041
17627
12007
3677
28570
953
15306
8831
15639
20183
19437
30939
5102
29133
19674
6121
13196
30181
3074
7009
31887
24015
21412
28057
5328
18838
20208
11022
3233
5843
31085
25664
26963
20769
7576
12740
14588
1744
9934
20116
4982
21982
19051
11433
11435
17698
19508
14284
23568
15819
25074
15017
15728
14601
31328
6693
20203
30218
27463
23281
12350
19496
19176
9567
26437
28001
30874
15221
19902
11527
6324
5441
3151
7864
1965
5995
18123
8593
2178
6161
23985
11167
12888
9678
26869
27030
24931
17692
20483
1734
12038
6109
8962
12618
13628
9012
6485
11907
8502
10137
22888
5061
22854
16173
28073
30543
14843
13898
2772
11649
11918
21087
2932
26185
10364
31483
17575
16095
14965
31015
6177
7090
23157
16633
26483
24226
3889
31078
19597
19823
3252
13912
15234
15473
1098
6400
29068
20874
11165
19054
21840
29530
16158
1119
11363
14513
934
7254
18956
27722
2909
17646
6988
30902
16860
31086
13339
20630
910
18334
16885
9997
17500
27609
1941
3189
2441
29540
17921
17233
15066
22782
14022
24963
3835
20408
31621
4544
5918
12295
9902
2368
11749
15128
16780
1466
19842
10339
29570
26511
4381
12675
11924
15430
25973
4165
1320
19768
11467
8959
3342
1676
23036
11043
29631
19046
18157
23059
10210
1116
18987
8247
15381
4394
20435
29262
26345
20134
31152
30977
17454
26614
2724
24254
15218
12800
8521
12227
12228
11298
1495
121
23742
31011
3913
19972
1218
25706
25531
19736
21635
18286
6167
6926
8135
25454
29424
1335
23404
866
22190
23152
30889
31281
5868
31478
1431
20772
15646
6780
14064
15003
119
26747
16150
7423
29962
4810
5719
18935
13871
22126
6255
13791
4136
4787
6990
17270
27908
4732
25372
30678
2244
32727
6011
10922
12477
13780
7692
1691
4669
25752
32308
28171
23665
15277
12832
6150
14726
3740
2310
31093
25359
10174
32430
20117
21927
15695
11314
22696
26583
15556
13826
9195
18490
24670
23338
27079
9950
17152
2520
25419
3566
26174
7448
8154
11662
24246
10211
13345
7943
6819
29016
21836
25380
30383
1609
13434
8156
5385
1017
11886
24880
10936
36
9095
24919
14127
12864
3058
7193
23073
16899
7198
12665
15254
24357
3440
23446
14911
1639
24377
31699
21510
6100
9189
822
31978
8775
11893
14862
22538
2093
13359
10969
1791
24972
13971
13412
879
16197
18834
1844
14047
13206
2555
4645
17609
17378
22582
8785
15087
10165
11060
14899
7150
30979
4006
25613
30742
14768
10093
902
2169
21077
15698
27288
66
28226
16632
13737
2121
22719
16142
13048
6372
16280
10697
22843
9727
32472
1426
4487
20847
22996
19964
22639
6019
17771
9976
31344
10716
10125
11852
28557
27775
12282
321
6710
18729
11852
19100
28014
19683
2360
27856
15917
17365
15121
7282
17411
18271
30605
32493
3327
29286
24268
8567
26831
12268
24982
23620
3880
22500
15077
30201
1385
3652
8867
7011
1915
6235
7604
32617
30715
7269
3895
14143
7067
32605
28425
9949
9157
21778
18827
4528
19586
5757
27814
9103
4507
4690
26124
1520
16126
19413
14016
21852
24674
15343
24536
2848
21550
10369
11394
12102
1431
1528
23877
26307
4617
5922
6281
12786
24009
16192
17498
28481
23512
14940
11625
30251
3354
12252
8019
24166
31415
21336
21030
18269
12226
1961
20770
13280
30233
14402
16060
19994
23180
23748
6633
10180
15425
23244
26776
19097
27478
14863
27520
11530
6857
24234
16157
24370
10645
15795
3573
1036
1822
16404
14368
27364
14031
18329
5127
23819
14082
2631
11372
29647
20256
14320
8107
2730
2313
7684
1087
8634
22966
15786
30343
17521
15645
2063
13258
18574
18772
13566
26234
31052
31994
26546
1973
729
19667
5608
31249
12809
13490
25912
16793
23628
20380
29348
32019
990
15146
14450
1157
3133
18991
1591
20727
4832
19099
16181
4473
16422
25247
21222
4456
9357
18706
9177
21486
30244
23828
20669
2248
16963
24817
5052
15948
26489
23624
11274
29866
27590
26988
1469
30322
778
29194
5087
6742
22974
7948
4289
21042
30690
32702
6291
11081
20534
11311
21042
9169
20397
26331
6721
31155
287
390
25723
22156
6462
2411
18247
31991
32459
32406
25997
23310
8970
6799
10953
9774
15987
27192
3422
25595
17834
16120
19244
1188
10929
15129
21604
29289
15965
32111
22683
14938
17926
12347
10782
12897
6531
32590
27526
16514
23893
14706
15244
10082
11555
8453
21278
31750
19047
12263
18866
10462
9062
21143
29658
8706
18021
24216
4120
11963
5402
18458
13812
27717
19553
23254
15181
28115
13360
31290
1005
7636
3021
11462
28512
17525
1598
30390
22789
22375
27394
18401
24165
30434
12030
225
24516
15338
6586
21364
28406
15313
19149
546
8308
25853
13206
17184
29359
6379
22829
19061
16292
10100
29337
16219
27825
3919
14148
8424
19623
10200
29100
24045
26656
6159
10842
9247
8211
16100
32536
10868
24229
28850
31327
31440
19010
11785
32527
32481
12013
14256
7266
21575
4564
9194
24099
11257
9000
22777
27931
14564
555
4321
5069
29141
1931
19054
31587
10904
2542
19320
13543
18530
20686
6246
25270
5484
10631
1265
5682
30689
21166
16939
13752
4090
12709
3519
32466
359
1644
26234
30893
27634
4538
27146
27341
22367
24909
16390
11263
5782
13950
13871
23951
26116
15128
29174
26300
18750
30826
23358
17513
27623
17563
9314
277
2517
6718
4986
26893
8815
3622
28890
20192
31577
22396
16092
29716
13908
7694
7904
27159
32351
746
1936
32632
4130
5932
12393
3415
8589
13588
22135
14619
27837
28508
15967
32355
25119
2760
6051
5438
17879
13822
9506
2206
15459
29592
20190
4362
2683
27256
258
1940
3132
4187
31780
1291
10118
25265
31431
369
15779
8621
20516
1967
24617
16792
25642
20872
19745
1642
12483
24524
30312
32155
9305
25294
6230
18999
3481
1815
9118
30513
29814
31324
32373
17401
1137
15534
24823
8016
27672
4593
20678
17500
21965
10127
32756
11767
24009
17006
4899
21581
10593
2335
4842
26790
903
15960
3195
896
8851
32676
9603
30945
31556
23641
10066
18155
17665
22730
17724
21169
4965
12735
8767
26441
10491
29730
23014
11043
26438
15611
4204
32664
5
13727
20005
32454
19380
8227
10778
2972
26966
2071
2035
10289
2930
27505
27931
1626
5724
28616
12574
1659
29621
30659
3414
6301
16181
11472
20422
13249
12456
20761
13638
22388
26423
28084
12001
19364
31209
12569
5755
4786
29034
4570
5814
16840
3850
2446
18967
13165
1288
31758
21861
18519
1041
7909
338
10880
16900
29953
5982
18044
24056
12975
1527
28425
17792
7622
4069
24296
32558
15905
2789
3307
32341
29267
29076
1616
25619
15511
19599
17229
20879
23558
14041
10732
12160
1549
381
13081
3823
21533
14964
26105
1853
14756
6856
7550
13671
5693
8186
19513
16521
14371
21666
12911
1953
25324
3157
14958
23702
11892
5835
28449
28793
21015
11841
16611
21770
12323
9501
3217
14206
13708
5841
6371
14463
25058
8193
32252
1397
2945
25064
11071
5892
13320
21752
32613
14549
268
11968
9932
16026
11533
24339
13330
2636
1192
26727
9955
18359
17423
6011
21775
313
26807
24125
27104
29127
19280
21994
28586
14384
5626
11383
6051
20390
27318
304
13301
29050
19994
29855
6162
17447
10826
28591
21320
31634
32291
26129
31125
20112
3257
6111
28348
26025
8452
5759
26520
10012
14806
4299
5553
1058
12816
10862
12557
11127
14614
25233
21577
17687
12160
19896
24296
6981
15379
9958
20970
21714
11503
31752
23200
9372
30985
31120
32704
4693
30172
6497
9397
16518
5468
14571
22328
21459
16428
23191
6948
24448
8208
5733
10374
31540
28325
32211
20468
26109
7248
30466
31009
23189
25460
21268
28590
30948
7144
9176
29250
26821
25256
5289
14300
6669
27082
19091
24424
17866
1204
4024
32145
5320
17549
19954
15575
3930
14577
7354
17377
14934
10473
26185
22036
1378
22554
26620
25188
28270
11324
4605
29802
32386
18126
2592
15287
954
26376
22027
7529
11407
10258
28826
1020
26711
28531
20098
24930
12559
8140
5684
5973
8793
25542
3844
14828
449
9545
2954
24684
7236
1263
21320
30817
7443
26040
20366
20206
16788
24831
32667
17506
3754
13996
30725
24075
27446
3500
29019
10831
17374
6302
10760
11000
7181
29391
8058
14800
12346
18793
25220
7022
3438
9447
2817
13391
16896
26316
3771
5161
2979
20373
32651
19323
9892
8428
29889
16233
8812
12318
9157
28615
24396
31951
27647
25460
6522
8173
23029
12009
9558
9954
26035
18705
16626
12046
28784
8796
7890
21876
17774
12815
3568
20147
8738
28126
25347
15161
2453
24508
1793
2995
26378
19954
20195
2503
17377
10606
168
22790
5307
13918
10652
1052
25055
8958
10714
27210
20189
174
6416
8471
17777
21320
26754
7746
18345
10928
26194
15866
11594
31405
1534
31057
20593
9463
4650
24815
28022
27025
11168
12291
14869
12632
14741
2944
30672
26333
12078
16773
1423
20848
19010
7452
13450
9853
12130
8744
25704
17692
1814
17817
10920
20451
106
30178
2369
6398
23721
1965
30853
5250
26729
23245
18507
17663
1479
19316
7245
22101
11252
17318
1999
23240
32753
237
3202
24150
27286
25167
167
17479
20441
21117
8311
8967
19277
8781
20163
4657
5609
26474
18648
7916
30987
13130
20901
23162
29372
13921
6176
14094
28470
9109
23781
9950
15268
26609
6944
12666
5672
2717
14510
29532
32546
18702
383
15296
12208
17274
29247
15542
22897
19855
5685
373
5007
14180
31851
7922
6396
8880
2063
21169
15355
14394
8217
987
13027
20880
558
23186
8735
27388
15556
24961
1914
29108
5256
26039
27290
16977
22780
2229
30409
27522
27749
14533
25084
2306
740
910
17677
19143
23779
30438
18764
31869
178
999
20278
8498
14194
6213
29316
30547
20787
25054
3944
30935
29785
28819
11539
11194
31812
10839
29050
22189
11056
17797
602
28172
13145
15735
30585
19728
23395
30036
16944
3910
16890
32041
11814
7743
1206
11580
24414
18313
20033
2973
29044
28383
4027
12285
7203
12445
26973
6595
267
2167
1629
11357
1713
20585
28690
17876
25800
11249
7257
9124
17839
13181
15159
2506
8506
29727
1984
24606
13493
6024
8247
14819
15398
18484
10614
31645
20691
9698
16784
4898
4356
24135
1462
30196
29962
15875
12119
22990
30080
19924
3211
23421
26321
20490
22450
2033
11771
12859
12888
31636
12946
18231
18269
3035
12807
23870
22610
12058
22570
1137
14885
5788
16622
6535
1281
12019
18284
26817
31600
31373
17963
32032
27843
31368
11423
28629
5811
6599
3567
19449
19016
20038
3324
23166
22522
25770
18846
27238
1815
10781
13104
26930
7268
26712
25680
24478
13319
26625
27616
9867
29348
27960
10064
26685
