9319
23805
8876
18616
24827
27115
18206
16363
31492
5422
28799
31886
27666
22882
14603
20917
5493
17126
10929
21607
24496
24965
31269
31323
28203
32086
30769
5631
15144
4832
11596
21438
12280
23170
21357
7299
3439
24339
8737
377
14485
26565
8412
5398
16286
14671
29580
21847
11037
29259
21876
2893
28532
1756
13880
17368
4751
8085
11572
17843
22994
24470
14098
10416
5199
22008
29084
29253
21821
7788
18894
23368
12965
29982
20528
8951
23647
16864
10083
4923
7997
24196
16633
6702
10374
7305
23690
7386
7590
19963
32003
26436
23587
21908
18498
23977
30163
551
1248
21255
15693
14655
10830
10463
30365
13571
14116
7225
60
22876
16821
25578
2111
25690
30439
1042
8654
32212
31554
31464
20184
27215
25158
10938
20997
25889
12290
9519
23788
26071
6370
15312
28295
21715
29641
31174
30179
29498
4703
27365
3356
31245
29613
21482
24713
13461
1255
16385
5684
6661
25736
1931
18829
10843
23460
13341
28511
4743
378
26060
13826
23503
15690
7592
13779
10866
6758
4486
1505
20363
8842
27907
2281
12857
12912
9157
1669
21501
31904
14596
25760
29795
11910
8265
5421
6117
27590
7030
3096
30220
5076
14855
20861
4824
1471
23959
1049
1890
22093
26534
24574
15808
11341
29849
7562
9257
14121
18434
15513
7001
29627
20002
4090
9271
13153
22189
7456
4278
6484
27852
9242
15353
565
28776
25542
3514
2537
21670
28225
19692
9127
10158
8609
1439
30799
18353
6375
1573
32510
26922
10543
14195
991
21092
16170
21705
4420
28732
12494
18070
28405
10280
22348
9366
11207
2936
1347
9021
25969
20444
11571
28760
17052
12583
19508
17138
21305
8274
27880
8820
19223
25540
22190
10513
19125
3280
15640
17761
10837
26240
928
16204
31569
16785
27030
1066
13234
16830
12893
32296
14335
4162
7639
31470
14163
6040
17694
25983
3506
11397
12149
22368
8349
18520
13182
17660
27108
14449
30893
18759
9404
26368
11516
21666
20753
8463
17120
17151
286
32195
19324
7493
9530
19166
16661
2550
18933
8841
21959
12559
31843
3665
6774
5935
18616
23407
4615
13308
1813
1100
1231
18370
27298
21316
10315
13406
1757
8874
28434
23899
16178
24077
5385
21338
21707
10426
15318
20151
1705
19842
11159
15721
30708
23486
3027
26666
20623
5520
10416
29401
19440
4971
6247
15388
10799
16597
21750
24649
14172
5739
7701
25479
23830
13606
14186
18224
29273
18142
22272
3706
15768
18444
22518
30295
23820
7892
1396
25753
2379
9027
4579
21082
26140
31957
3678
13723
21898
31034
30307
11819
311
16473
9167
31179
3571
2454
16137
29583
11661
13904
32637
8839
745
30126
20556
7071
3155
21916
11585
15044
2067
25872
19464
30536
1858
19346
26010
22408
8924
31227
13308
18380
1814
22653
30761
22638
18673
5603
7245
10047
14863
31770
17971
30758
11973
28145
28161
16650
27251
29213
19747
11506
9744
28544
14725
23147
25865
32427
16645
22827
3148
29857
6440
10995
28575
2781
14091
19386
18743
18583
9117
1287
20358
4420
24588
4255
23892
31836
28285
20064
24593
23135
21248
4461
106
2842
8387
18571
14618
2343
26502
1483
20483
20147
5454
10602
25981
30595
8286
13301
3566
17465
3427
944
10651
25300
9711
313
28349
8311
29480
32617
23000
26731
20674
21115
30792
13414
11306
25200
16668
21006
17412
15537
28712
8633
31704
26871
5974
12919
6152
1384
23101
24402
30214
28163
2037
20948
5315
29501
1833
3530
363
25580
18541
27208
31823
28261
13010
7149
27171
7393
16056
13416
25961
28966
13028
15163
1069
25443
14291
17343
9715
18523
13645
9321
24046
25285
11837
13131
19826
9203
3775
11230
684
24499
8315
8702
12177
30579
6450
9782
19732
16552
30614
32574
32412
10864
8799
7362
18869
26229
32155
10085
30213
6421
27205
20998
10627
21697
25626
20546
5347
25763
12712
5690
17492
10884
23208
17814
26734
5100
22669
27594
11110
27275
13661
30103
26245
983
3264
31701
19416
5111
9047
19825
22568
10208
2126
23218
8492
2750
30005
26048
21502
6805
24587
7270
30668
20520
29596
32535
18640
32282
25102
14639
16258
2899
17846
20092
6156
11429
1072
16893
28158
25007
26542
6633
16451
14594
25232
25843
29012
8067
12597
9421
6059
16145
19985
16875
12923
12391
27648
27785
5790
1091
27354
3823
10190
26568
31304
13556
12825
26656
24278
3265
30607
6503
3401
25815
17982
9412
4146
19284
10848
473
27587
12913
4306
24414
29666
15952
28104
32520
18556
8181
15296
2224
27676
8594
26292
6321
10428
18439
30612
3474
14043
11689
5107
22757
23247
31298
9729
22382
27741
7258
16569
29832
31879
10165
5211
7365
3493
32029
1821
17365
4535
8034
17949
425
8954
22942
25243
2775
10937
6845
20325
2113
27238
10813
21138
4594
6889
6707
16243
20808
5688
6799
3271
3672
16168
4512
6958
11406
7043
7643
16353
23188
21594
25816
26527
31093
4252
21405
26091
32515
24040
13343
17524
22390
7072
15366
9941
2645
7231
30897
5758
9882
28908
15482
19186
14865
4943
28987
16948
22529
24995
29713
15739
29454
8460
24159
30253
3678
31275
24598
7947
2555
9200
3892
1449
3704
12464
20619
26658
23512
12664
15812
21257
32683
9120
11427
7075
13946
23715
15245
19027
31845
26670
1863
2389
4363
3190
28160
27567
29354
26831
914
8293
5255
25211
6917
26093
21649
21439
2388
20962
29761
12604
1396
16637
6340
6525
18835
832
5724
717
22942
6260
2820
31563
4869
4310
3155
12096
27074
26126
27810
10671
30360
24672
23409
814
15000
23590
25863
29429
15338
894
5465
30261
24522
20544
16941
427
9681
27187
16511
29044
10358
13696
2340
11043
1748
9574
4269
9745
7086
10032
22158
19956
9648
14692
28544
29619
17655
830
3875
16505
29140
92
21736
24329
20685
5307
24622
20305
2021
7394
28587
6209
31006
20061
4110
19421
1595
31853
7650
4497
16842
5374
7862
10949
12642
27097
13691
9650
1322
6683
13869
12916
26778
12262
7350
20064
20614
18006
27407
14743
27224
19383
12968
27355
4253
13301
19722
30114
26819
12115
1979
5737
3616
14688
18273
22859
28215
5160
26155
3794
14903
935
20845
781
4549
23939
10890
10979
19195
16634
28439
15270
31665
2840
27709
24812
10235
23342
351
1178
14834
15233
30205
23873
9912
16959
26329
13998
25782
16055
3672
10428
5928
18120
27690
12397
4828
14490
4141
24377
8246
1165
3215
5286
7800
21359
21300
30233
27712
23794
599
6380
14675
605
25715
4800
9624
385
10084
25621
20840
21487
3785
28952
17157
3688
9646
31931
17767
21653
13160
23051
9279
13560
30655
18367
26934
291
29267
10764
32373
30248
14648
5825
23147
18768
8932
26511
6346
27920
18251
18088
9427
8760
7240
27021
22740
10606
12607
28192
14063
10459
19969
3585
7964
6692
30959
7191
9841
21660
10339
109
29602
1976
9035
9792
17604
14787
21783
4182
598
7890
6358
1937
897
23547
16283
6083
26527
2754
22054
20164
10491
4308
28096
29122
19671
8184
27751
7385
21684
29250
10283
227
21709
5769
20952
13202
21477
24860
29397
17852
22594
21681
588
5109
17914
6046
21899
1379
29293
18764
28587
11470
4371
19432
29807
32759
23928
22107
17006
6443
9860
25213
30837
14103
7936
19333
27175
28382
5974
12485
18406
17513
1176
28820
32247
7423
30916
20363
3808
16405
28743
8180
27925
23143
6335
32127
6100
14151
29957
28983
32590
9269
619
4533
29703
12977
17218
29587
9599
19533
21152
32292
29714
19718
25952
30818
6685
6100
23657
25128
28770
22912
19508
28066
20910
28086
7560
11521
25017
6747
11144
18547
15181
5408
752
20562
18858
1880
9884
32667
20778
1031
32074
675
27425
9275
19616
5637
30983
15775
25969
4575
21209
26445
25916
13630
13500
16612
12533
17878
12260
12250
3336
22519
8884
1812
30364
21180
31782
19636
8724
1158
20078
4659
17116
23464
29914
4783
98
5988
20733
2950
15458
1303
25356
803
3687
7600
16776
29208
6287
5990
13341
621
6542
16299
30155
22840
24565
12635
25155
7790
693
15162
4756
14073
734
2717
11526
25867
15021
28263
27718
17073
15814
17975
8644
19115
3774
29152
14170
25467
19932
21786
29742
8380
17697
17271
2265
11957
30085
26776
9929
7214
2436
160
9955
30338
20697
29929
877
27638
10634
12534
10540
26697
31268
17321
25545
24461
8520
8374
27002
15157
32358
5720
18910
7534
30665
19267
17448
28339
8660
22745
18559
27035
27531
21920
10405
6390
29781
25588
15319
31769
28415
6393
31221
17782
13829
20436
20963
26480
29965
15643
16175
25453
2997
22153
25332
3884
3470
25335
9214
17497
872
18055
6702
11870
20945
24355
18720
10877
26840
1318
28172
28187
8471
1112
25834
26463
27120
8480
26842
3068
11542
32245
13250
2635
2895
29974
16697
4253
22137
14971
14500
7887
27851
23051
17054
5663
22878
26127
19870
31549
24044
27111
1491
7846
18903
29947
1107
7981
17005
20981
31093
31450
24682
15918
22139
8696
18110
13669
14965
16490
5777
9655
9826
12606
25733
8139
15511
20613
4923
22350
3941
8033
14104
1951
17142
28255
26441
4299
1656
519
8196
24763
10365
26034
6673
31916
19106
24732
15242
16096
30831
16698
1503
7315
9599
29390
9500
2097
22241
4408
1135
17350
31677
28431
3045
14262
14651
16880
27508
8622
11680
26902
5950
12250
28347
555
22804
23641
18303
16478
6969
7406
30961
14774
20585
15096
581
7846
7450
26532
13379
4065
9730
24673
5104
1647
10201
14228
20587
513
15456
5517
20501
29058
28834
1466
6388
2542
4218
9243
6234
32615
19285
16118
3521
21638
5689
16588
7418
13295
28423
30347
19335
2088
25853
1541
27973
17835
2686
10401
17486
6969
13334
32337
22557
31858
10425
3268
18419
15011
10059
16092
7290
8159
25958
30818
23720
16465
27479
4601
27111
30160
29033
20816
26483
14772
8807
12700
12547
20712
26460
4166
9387
32321
8349
4576
17409
12046
28681
21342
28799
22001
30864
15235
18216
26605
14066
153
24430
12223
22473
13925
29012
27506
11978
30810
9936
26670
13128
1037
7283
4177
9721
22505
21835
8128
17405
10788
9737
29312
11036
19441
23391
8576
21328
19704
8108
25017
16771
29443
25563
22905
22425
23034
20360
24572
26033
20497
31845
23357
24744
16960
221
12299
25055
19700
3575
30815
21567
17668
9340
29677
29306
19686
9564
26361
31379
18979
16718
23404
15008
20232
2999
30759
23247
19614
13517
25239
2215
8413
12028
24202
26512
21789
17289
8257
27286
8397
23157
1222
31594
1127
31140
9344
4777
4259
16190
29700
9569
11756
23382
26414
3026
30736
19657
19057
17777
571
25961
18027
15923
5926
22875
16828
30983
18828
23998
5401
17316
26846
6797
17820
22406
11831
29639
14686
3123
13714
28109
6728
32451
5947
12555
23334
21151
13699
28890
4861
28553
4792
14757
8863
24797
17236
27211
22652
14870
20597
23749
1723
9363
7821
521
16266
31388
11355
29998
11186
5024
15898
18896
12142
9664
18680
6582
20861
24722
13001
5554
6262
9502
14845
7625
21084
32557
6607
9364
31346
17348
16064
25062
12624
30955
8004
6320
31543
27314
3259
29729
14498
4470
4258
16401
3357
11617
10763
159
10330
15152
32586
11545
9602
9785
22514
4637
29897
23468
29440
7934
837
8985
3413
8809
5376
24626
11370
14921
1356
8659
319
31463
24918
8767
30612
4438
4350
7341
17756
25870
486
7171
3695
31959
2249
9953
28799
10985
27919
27873
2893
17489
21150
22813
22812
26518
30194
11762
27494
5789
28272
3588
24527
10186
27383
5762
8535
21096
7353
28332
18899
23115
17481
28818
14238
7859
5364
20254
11148
4212
25173
23892
799
21332
19492
23257
25342
3765
23631
27058
26018
12660
19276
4431
8787
11536
24237
29384
8275
27663
5621
4710
2649
1949
6570
23141
13888
119
8363
15096
21761
32519
16324
2958
24287
24272
22400
4436
4065
2317
5182
20219
2181
25237
13447
443
26291
20738
2463
28568
27376
6930
26202
27364
32212
10318
28721
12037
10686
25577
1685
31352
23750
18154
13444
2582
1779
19854
24665
22934
26799
23527
11752
19796
9591
21962
18122
10576
28375
28136
31990
31098
23446
28731
31633
20269
16174
2980
31240
30713
5502
24274
9563
4517
22211
19557
13244
8052
18373
23123
22104
1192
6734
8331
32117
2117
29152
2777
8893
17943
8359
29194
3545
12534
12461
20560
18242
2633
3405
5352
11604
29385
24810
23289
24485
30856
31457
1984
29844
17969
20923
5098
11557
22417
30120
1089
6924
22358
1833
21899
27911
2583
1548
24495
21873
27285
3229
29722
16149
23361
19227
15201
17472
4350
22377
5672
7194
6951
9478
1346
29237
11476
14655
23834
23655
2905
28579
18513
25301
17936
25272
23976
20049
7001
19692
19745
12518
11998
30158
26721
23728
29980
32638
2649
15601
30751
10338
8741
17762
22924
21787
25908
27591
13797
30392
27818
24518
19721
8489
16898
29945
5114
26102
7928
29506
5091
18225
25766
16735
14938
22185
3565
7614
32482
21856
8470
22930
436
26431
25785
18982
1983
12041
23518
25713
30701
26254
19811
14060
15784
18209
23198
13728
13469
22091
26946
3203
447
27329
25735
27652
32143
32148
6533
997
5019
7080
13025
8265
15173
2919
6060
7438
28102
31414
12680
9052
15731
18728
24077
25982
29246
17010
3947
19697
20351
23840
24656
20155
26357
20870
7948
23038
7431
7416
5107
5325
16976
17726
1794
23358
26203
28738
18630
13505
18347
9228
17018
13232
1279
17136
20848
29479
29652
6150
29106
10005
16426
2011
31720
29331
14731
14694
31356
30837
29002
19262
23037
23071
3593
26890
30913
6299
30845
21816
22991
3048
17782
15090
32507
25748
281
23629
11859
27533
16240
28868
9914
29748
5670
18406
2003
13491
25483
1099
28961
30864
1758
716
7276
24963
28108
16883
30566
10885
6964
23985
142
8490
2861
29519
27477
18736
6218
423
20351
24152
17949
6548
26573
10356
5369
29351
9177
21954
17148
14364
4417
20344
7757
8716
24583
15520
19619
12004
1592
10022
11271
4373
18124
30512
12506
9485
8142
14509
25881
871
25533
24369
27872
862
561
31744
13357
16776
17345
6761
10727
32449
32037
13909
11295
27492
32152
287
2453
12994
15488
26790
15486
23244
2641
5281
17028
19475
18607
20019
13839
5619
28115
1472
3267
17162
22319
27390
8010
20975
12117
19279
24147
9761
27413
10830
22746
1342
8677
18599
30634
29814
17799
3373
4641
2622
31973
1062
16436
2121
9792
26857
3506
20916
17545
28076
29389
4481
23567
13719
13782
9542
603
13597
6728
8230
9560
27787
264
31233
19896
12513
24043
16104
24722
30434
9849
21204
9296
21607
7665
7575
3272
11256
8845
13074
4777
13981
24582
19369
6681
24562
2907
8436
11420
10362
3023
695
2616
565
13616
14357
21975
23413
30559
256
24812
19437
9997
19444
23129
6155
17347
29669
25745
32392
24357
6774
22265
1085
2423
29291
11925
12856
26464
3681
29152
31247
21742
1980
3067
13428
14811
4578
25354
28170
29455
19879
11740
30327
30053
28935
19658
26043
3506
5915
10721
3008
25092
19526
25667
32305
6183
10928
19146
14480
17774
6901
27119
643
2991
3358
12522
4207
1936
15824
29211
4680
29697
23491
17065
9384
9994
8566
32105
22558
19399
14113
27905
17096
32177
28908
24909
20516
10526
15710
13313
17187
21772
22552
144
7807
14874
5315
4941
26447
19159
22087
21456
30169
4415
1597
11932
18599
1411
8360
16895
3549
16905
10207
21049
22217
14516
5326
18656
10684
19813
5982
17282
26136
31170
15154
30093
11947
24118
17556
24940
20027
25656
22959
11507
19042
21969
19454
5373
6301
3672
5636
17491
10655
10369
24894
4560
16107
19862
10326
27075
16033
2563
18841
26261
31128
19224
7595
23724
6062
27147
26233
23950
7772
26684
10864
30282
17806
16573
20461
11540
3761
29458
3316
559
21005
11061
32548
30736
13909
10974
32746
26304
18044
22528
2294
7810
6603
5271
15595
7606
16945
17313
26715
24061
29914
8042
3826
31902
8450
17677
22769
16936
26892
6456
29918
19801
12750
27183
16762
25919
15408
29460
21492
13981
31989
9317
11868
144
9944
21958
14938
29810
6875
17665
23584
19711
13020
1611
12701
24758
6761
18889
20980
13186
10709
6738
8492
19354
30603
31095
3113
19878
5027
31936
16603
9251
8627
20537
14005
13832
17640
16941
7009
28842
4693
15410
30642
10461
32138
19813
8410
5980
29545
10743
18909
29803
5941
17385
18757
30394
21996
24851
26392
14733
17367
21099
18183
19994
30815
12420
17128
31794
23586
16725
18790
30244
7494
27452
5367
991
15885
22851
20239
26966
29098
13473
29588
3113
15188
6020
2193
7297
920
7437
32302
17723
6131
12956
19168
10058
18592
3663
6109
9302
6319
28357
4563
15529
13399
2088
12761
1100
8589
17002
4774
29549
24277
11470
9728
5636
25689
19115
24184
24247
15160
7533
8533
8442
7968
4060
5326
30330
24095
9889
7804
5052
27318
6661
9742
20481
21552
15613
28735
25710
6449
21860
9733
9833
2194
18823
23563
16710
9324
18150
11874
13091
15219
17977
17524
4368
11398
4274
20793
22132
2180
10882
25517
17324
1632
18078
7041
4084
32120
10179
5648
29323
23074
4791
10134
18194
16520
13779
13468
20789
20919
10686
16311
25486
18162
28539
32626
28102
22348
4006
4233
13822
7030
16122
6232
16749
25557
11287
27538
12362
13527
23170
3382
4332
23944
12014
6591
28208
23648
4282
29340
7451
1631
17594
15839
3520
9309
25914
3641
9060
31387
6976
18214
22497
28317
32018
4453
11848
16188
13816
29611
14538
759
23363
25496
13785
24714
4750
25322
2186
13762
27972
31985
4158
8335
7523
14403
9089
7771
26495
20656
12850
13722
30217
19832
21221
23970
29137
18364
16261
6333
970
30003
1342
29821
9229
19230
27545
25680
23073
19838
22249
10836
21114
24196
10727
17005
27967
8777
27289
916
10833
19135
11896
27506
5768
24552
4561
18477
7744
22597
15980
13442
26900
5522
17772
6676
8937
6576
20598
11779
22063
2019
28181
7105
15203
17981
32093
21025
8664
21338
31951
9905
21944
9294
16509
17226
10053
7900
21359
4581
30565
1001
2116
6832
27998
24111
32028
2146
14814
18742
5814
18123
2878
9344
14038
28591
5895
1796
12778
31188
23734
1759
18412
24154
1468
10565
9354
10315
1737
3773
10885
8819
26186
12174
3671
6002
19505
15476
1048
22543
16116
30616
1186
31695
12760
6591
28148
4039
18543
6082
724
10158
29535
23614
3513
1334
19046
18828
10983
18844
18331
6132
32220
25982
18423
25629
21995
15086
29971
456
1575
9668
31795
26302
29826
24120
13956
16903
9270
27056
9890
4957
16228
3542
28509
22241
25595
31214
10173
6412
14300
6759
12356
1767
2108
19119
28018
20095
30793
22860
2959
25491
784
4649
12196
31889
21662
17197
14795
23489
15973
28434
31912
14527
19170
8821
3640
24110
13437
7977
5577
20395
17329
20945
15178
3072
22636
17838
7109
16282
8889
2741
26410
31550
20124
16869
2894
17143
10045
17367
4147
2387
30025
5527
2442
27342
7318
8114
16758
15759
15622
23440
147
18770
23213
27396
5943
15270
20790
20002
3064
11352
5762
11089
4974
17967
4243
23969
13626
26585
681
15710
16966
20774
21930
22245
79
12404
16327
950
11937
9323
3933
6603
18466
1514
7449
9512
9874
3648
10592
24500
27409
11680
10478
23367
20450
9679
17597
4612
18286
15648
4392
20713
3212
7586
16464
12452
2047
13464
21439
4264
12096
9769
4427
18561
16511
10585
16189
868
32740
24632
27571
31243
23066
89
17219
32448
4110
24454
15073
4023
20468
14514
4355
25504
24460
15663
27139
9341
15267
17954
3012
19633
20700
14899
31896
23130
12720
31625
2401
19681
28084
29173
30455
8400
28186
1389
25290
15843
31611
7357
5833
2913
20692
29817
21634
7852
24526
25142
23434
14359
10818
22521
12063
505
21756
15344
24332
17920
22463
26720
22477
3271
28298
26591
32244
23466
12314
16835
6347
1241
28080
27354
20539
15787
16404
11868
16876
28469
26074
8989
29102
29980
22244
263
6424
16039
12584
27336
6766
1560
25267
32712
6856
4669
13550
19038
1905
13890
7457
24131
2702
969
30261
15175
13056
25404
1982
18498
21387
1634
32313
31310
23863
26929
14481
31795
14582
21732
3817
27171
25736
6477
30357
30120
22172
28779
10089
1498
28216
16447
9783
10197
29018
11996
22675
25450
24288
15550
1497
18453
6053
22876
26994
17967
8941
9728
14930
10341
4611
23255
19397
16745
18208
580
11116
8679
9103
32378
24706
27323
24847
3402
12388
3937
6777
15929
3153
7341
18338
3798
3182
22460
12419
8523
7181
18730
7063
16689
15150
2181
15237
10921
31046
23554
8191
18344
3392
111
11754
22418
11970
11625
25279
13579
5297
10703
26417
11786
15607
1143
13584
8750
24964
17695
21613
23382
16018
10662
29695
21612
3630
17276
24773
25217
23796
2391
8429
29727
7194
12583
13813
23258
5296
26189
18960
21289
8229
12295
19659
15988
18958
7215
17136
17262
16163
550
19882
18597
11658
29195
11499
32088
31321
9264
16651
25736
28758
31950
20402
5713
19457
30711
4087
11131
18644
4557
16841
1869
5065
32498
21646
29601
18205
18751
24843
17214
21331
9401
31364
28257
31101
4288
6948
23965
15031
6538
12191
22245
24820
19920
1557
16616
1277
15559
9274
12445
13750
4178
18612
29982
9379
6006
7108
5561
31660
21774
21289
30276
16413
26304
19777
5554
26353
22575
26482
6884
32336
13938
5064
9153
4182
30662
29151
2697
8982
2943
28420
5478
31199
9797
12695
17477
31678
7804
21427
12515
25411
27908
12562
13611
7048
9763
19498
19391
28272
32447
3740
24277
26669
12753
26831
31044
5125
23062
5336
3550
30293
5128
158
18689
26582
31756
9019
8297
13855
23789
16805
5448
11627
8841
26253
23705
28573
25802
4487
25009
15489
7896
24940
22295
3925
26253
15868
18837
13704
14378
17608
27023
17089
10824
32080
32404
1571
7697
6248
14643
25808
16303
16096
22288
15787
27397
13155
19767
14947
18589
19360
27823
12717
14050
1192
13651
32464
21392
13975
19165
29287
14696
11127
16452
16482
17960
7521
11592
3919
31930
24549
16970
3288
22444
14509
20066
11148
8160
11100
27564
28130
7045
15548
17890
25210
10565
28953
12080
13735
7104
2536
30531
31787
26938
18093
14500
6977
912
11547
4164
29153
27761
7292
29528
10047
22986
12371
5990
17045
32386
13888
8352
28706
19304
15141
2674
6002
15466
29575
32343
9953
1543
823
3312
14427
14087
26673
32087
29541
8809
3268
9905
20577
9629
17651
2050
8461
7923
15132
4678
590
10324
4055
22717
6956
27184
12577
7046
19741
6839
11450
24687
14726
32076
459
3596
16511
30262
13772
15622
23767
1689
12453
13238
343
17573
9235
16370
23371
9230
590
25383
7743
8892
18409
1192
15623
11715
7417
7750
13314
21141
4473
5921
18591
4215
30957
16574
25119
24113
10566
10841
24477
14346
8454
15996
3916
18931
22692
24272
11009
2563
17202
29236
32241
22307
16957
6412
6075
28683
4341
31707
12457
22125
27277
26645
9010
29295
28645
12078
7876
2655
4199
31735
30657
25250
31279
4650
14536
6638
21870
11331
22837
5562
20240
27538
15595
4850
13980
3727
24913
12014
13148
24941
23450
31909
21695
7410
3146
31262
507
10117
11253
31272
3318
27785
5450
22091
27751
15849
28753
31998
24888
29684
8945
12314
2864
16236
10933
1935
12494
25049
17360
3158
15992
16419
350
32679
16597
864
15084
8811
24183
15339
29499
4340
5309
15030
7233
1772
15351
5345
23665
8075
5836
1419
14652
26125
28889
8680
19160
19044
4251
5011
23872
20010
143
19750
8828
32217
29591
27913
23074
2622
18592
17031
4637
5675
29058
10535
25773
3181
16679
11833
22447
4605
25840
13487
16671
26747
3412
2862
21723
21719
2507
10341
16297
24146
23530
414
29564
31141
1487
12178
2291
29823
6079
21890
23075
13621
16654
32387
14998
8885
26687
25882
28819
18621
3693
22792
21408
3146
490
14183
13382
1106
9253
10486
28948
19125
18129
6834
23783
22898
25667
9382
23144
18454
14108
21251
20693
32123
29993
1395
24069
10670
12679
22699
27046
7217
10763
20031
32202
19043
992
9915
2210
6716
15218
8687
27528
17725
19339
6538
31555
26535
20412
10731
21895
4076
9727
23859
12220
25187
21402
3231
768
9535
12615
27669
14703
18626
8849
29692
16546
16302
23681
7505
9589
15357
32634
9207
7438
9169
2146
17231
7963
21166
23810
8457
30042
31463
30640
23098
25695
15190
30251
26286
20882
15696
4038
18047
2679
28376
14025
11750
4402
11539
26900
9042
4682
29437
29701
17335
26541
24665
12188
8489
19700
11502
29917
28585
10473
23536
21366
29759
4166
17341
19106
27209
26048
15818
2381
21266
15172
4828
31097
25510
22657
30587
6880
1253
2726
11427
28891
6615
8557
6334
1922
63
15704
27855
21525
32627
21306
10736
29851
6506
2298
6910
4808
29207
20372
5779
28196
16629
24160
7476
20842
228
29591
10188
30510
21043
32275
14937
8643
17150
5206
3814
27228
29114
23758
27833
2929
15886
19288
32717
10853
31716
22530
17539
25701
23745
4885
23444
8851
849
14931
23114
31076
30023
13181
27376
5958
24420
4120
20871
1671
24532
32369
10426
18034
19137
19423
27412
32699
7459
23624
7281
22557
4565
15078
10162
10561
3310
10315
17589
7906
20814
18851
31365
47
13431
23866
4557
10352
17567
6206
2963
29421
5379
4549
28706
7691
9341
24337
2632
27065
4697
17683
25282
29962
5477
9007
4085
7971
26951
31551
11743
28504
9747
15066
4684
18578
13853
10710
4429
27636
24076
8715
26086
3774
2864
29786
4871
1905
23574
7919
20669
22068
5977
14530
22954
3190
1210
13924
11443
22485
23667
27640
5880
13374
16585
28799
6665
2390
30177
18010
599
14105
19412
27913
16872
21953
28421
16441
25423
11498
4787
18430
10460
9715
10698
24157
11280
15783
8703
19981
4435
14621
21787
20094
9193
8668
9367
283
28195
19779
29546
21453
8658
29481
29215
27840
25857
6080
28970
873
22244
19647
11644
19144
24843
3520
19285
20714
10459
15334
29530
30643
13631
31940
17895
27354
7323
122
6310
14133
20226
29473
12897
26423
20648
7530
30996
18615
30874
30849
17991
16370
1964
14648
21914
19412
11187
5729
418
8051
17141
20091
17139
29917
29662
12434
9598
32019
27893
11360
10270
4437
24846
11704
14957
2464
5056
18213
19676
23670
2585
28622
9987
27613
13201
22684
30773
9130
7997
7327
22104
19711
4421
20654
7923
15123
3224
13902
28297
13617
9438
5590
8742
16900
11439
976
5943
14353
5122
5537
7582
14213
2792
18797
20486
28977
15482
9525
18036
24275
13839
20802
22303
20631
20147
12743
22914
29661
8917
17346
8111
14141
30784
16675
6630
12232
7757
20528
22630
25489
7766
16936
24451
7533
20589
9510
505
11766
10318
11593
13696
15830
20115
14610
5537
5442
23079
29965
2247
31940
15869
25268
15257
6974
16130
18064
26247
29996
1616
16801
4515
28969
9124
6656
19123
1461
5138
30403
388
29749
8439
4897
32385
13627
11056
11479
10115
31240
13961
12745
1771
26447
18808
28909
18671
27964
29964
21093
9009
24757
6432
23275
23190
14816
14548
32370
23381
7141
29502
1546
5966
2549
29788
3333
7838
28043
29261
22872
9840
20977
2753
4932
29205
30983
5295
8245
21080
11584
14918
9450
12043
29933
28453
29398
20198
2750
5838
25798
20882
16261
28504
28357
4096
10558
5221
25916
22271
17229
11860
16222
12302
25606
8632
22723
11374
11122
21256
30291
26236
20304
21144
4710
11582
26715
1223
13354
3644
9419
6778
22084
12689
1054
28106
8378
15425
24
5882
31248
11469
18185
19884
13233
26117
27470
27220
21905
23582
11290
7148
19729
6148
15223
9706
803
1265
9607
14959
7598
15423
15632
17601
28724
17275
12599
14331
24498
28858
12428
13827
15815
26928
15687
8893
24345
28158
5841
30590
28917
27468
23687
27332
21045
32152
19898
16420
29543
24909
19194
21635
555
152
31892
14985
25565
4983
16985
31571
17268
1555
20641
20328
13994
6479
7824
25583
15966
29089
2456
31
9782
2081
21055
7926
1928
12767
22051
20782
29563
12666
11067
31597
2153
1774
95
17596
30344
29102
26379
18746
14282
22771
27232
25873
32513
3667
5995
11178
8775
7829
23210
24349
1181
9412
22220
31724
17106
21378
6329
11504
10151
10399
19666
15251
11056
32490
22906
20544
381
29255
725
5912
31866
18946
31695
7399
17684
23907
2145
30806
12189
9859
5392
4962
12146
30557
26550
10508
11739
1320
19844
19282
18482
15845
27208
1375
14664
7220
3308
28159
29188
28011
11583
15957
9549
15849
30457
16592
19242
24488
1529
11355
24360
16146
14288
16340
24061
31254
13955
12736
18026
28026
8333
18493
8550
11379
29220
11575
21880
5747
5053
21215
18789
32578
12754
31833
6667
7504
16867
16053
26509
12874
22715
3617
32176
8683
13812
11101
23429
27413
10429
1391
24137
14112
12763
25495
5001
29554
1774
27525
30345
10575
23286
22474
7399
2035
4117
29325
5756
21726
13975
10367
1155
13936
32047
18449
11261
3253
30339
16612
1876
19586
22507
30592
6974
4289
5494
330
4836
22025
32559
23728
26436
5234
17310
31143
5587
11175
31633
9815
10855
21820
8988
13332
8277
4418
9182
26769
24278
16665
21638
3920
21680
25734
4502
16221
30482
11525
21351
10556
10175
23393
25965
288
18030
7041
8893
22878
29041
21125
23500
288
14742
4882
18810
15198
19787
11241
12623
25098
24325
1215
7940
18827
19170
15689
22341
30829
16269
17046
26549
1879
28258
20129
30771
15677
1746
1575
16732
15318
265
10422
19536
20561
31695
1799
24505
15428
12716
13197
15882
2789
18768
8526
6405
18044
1329
9458
24192
8728
5750
3097
17000
27521
5908
16114
10758
22895
28471
8202
23681
2553
10723
7777
7333
17744
31963
11715
4066
22701
1986
6485
5784
7560
3712
25711
31122
267
13031
11689
4304
8134
29079
18489
18313
18852
26142
32636
8560
542
6756
14546
9527
20654
25927
26543
20561
30087
7298
2031
30717
22147
7635
4714
15232
14429
29533
8137
27569
6176
5963
11672
3003
14559
6838
14748
20255
14759
13256
10086
14584
18354
30498
9256
16515
16605
16508
31944
7902
23132
3723
6707
10768
8109
22056
6132
24906
24010
4270
10501
3693
20131
2468
16100
8395
6347
12188
9962
9522
30578
27738
4569
32551
7827
18489
14772
18287
12142
23755
6611
29652
20793
23232
27958
11301
16915
9993
26394
28799
29753
21309
22986
29899
2940
30011
16312
21896
20211
8721
23244
2507
25325
4124
24060
13955
24361
9329
21789
18178
5450
28540
16120
28345
7045
23783
3489
30787
28573
6845
260
1446
17937
31696
4033
9685
22932
22872
21050
25465
20157
14300
9193
12528
0
13142
28408
21910
17885
30354
22027
16452
3927
16855
12385
25367
24232
17609
3099
31859
32307
20366
10971
28999
442
7984
11409
7314
26577
18754
23698
14374
28562
2759
21739
17068
30355
32335
27636
1768
29461
32099
8232
10302
24190
12579
30259
22645
9226
5678
32077
6844
26557
30658
28103
14314
14748
9765
5603
18442
2332
27715
2281
29975
27867
2200
17527
23300
4750
11600
16409
10495
27450
19373
6937
26615
26536
11946
23705
2652
22803
10462
31198
10534
18979
22946
5871
4632
25631
19830
13663
2886
13406
32161
17767
28629
26110
29464
19768
2562
17369
4257
6798
20069
5813
18488
12937
23671
13243
16306
29625
26707
20267
