8372
19727
5610
19839
15489
2476
332
13305
27259
18890
6155
19112
29920
8575
1404
6375
27059
14995
4309
15197
23568
24709
2345
28705
20413
3535
11674
11810
769
24171
26058
19399
2745
2966
24210
30930
29864
21716
24311
3978
25615
31284
26969
281
23677
11221
31982
24883
12009
4777
2927
21752
15614
22137
30481
26908
1718
17706
11447
4933
13866
32574
11878
25268
7593
19870
8697
9256
23559
1174
14358
31999
6967
6177
32608
16799
7452
17767
30702
2836
2717
30084
31485
20474
14584
15755
19169
1182
22872
8138
24386
1632
18089
29264
16772
22108
26027
3757
3463
26441
19269
12025
27281
672
7453
7192
4232
2305
24677
4411
11621
4564
11000
30890
16101
11820
27301
26050
13441
21232
14026
28729
28065
11836
24613
21674
26637
27653
13032
32333
12964
11772
7947
24069
30800
15029
15078
12961
14137
10249
21503
9819
30777
1209
545
26021
6801
17747
28846
4902
2010
30810
21045
15615
25662
1441
12871
14162
3815
31992
6535
5
1720
14346
14337
4035
1851
21382
2493
15428
29147
17277
10643
4047
22356
1804
17984
14845
13671
16186
28090
32191
15570
11555
8897
16546
13183
23383
28855
8018
18172
30333
29105
11101
25387
6460
31438
13882
24891
3931
25288
19850
8918
21542
5832
19613
28060
20500
29055
10040
6865
6568
2162
20886
28498
15765
25493
27052
12238
21029
21276
1458
17714
23003
22414
19422
1381
14680
20507
14195
29750
17531
25391
12026
4243
9932
21831
20431
507
11035
16900
4832
14901
9828
27517
11954
24387
2550
5082
23205
4498
24788
5407
22392
25203
15452
11077
24847
3791
21542
9359
28020
21013
23855
27675
23837
25976
23607
8888
109
32600
30567
14839
5756
26365
2871
17797
10523
28811
1679
30391
27155
30002
21036
30311
30126
7078
18246
4351
7801
1231
31088
26835
9799
12481
22463
8884
2169
12270
26926
16577
14717
29850
10305
8065
32661
22672
16873
18735
18650
11028
15272
4949
8832
23320
17653
15005
13659
4531
14306
28899
27554
20686
3324
4494
9204
27169
18035
28705
5528
25182
5755
29965
18953
5291
17649
31946
20402
10838
6210
11557
2550
15044
17801
13532
17011
10155
11255
10600
24456
2433
24440
30490
25620
16437
18067
5993
7297
31772
20370
395
7426
21294
228
2370
29976
13938
26815
8185
15451
23479
12298
11279
23671
28549
21625
27251
15477
9043
19962
3697
12604
27642
9040
5067
22359
1130
12797
30476
14840
2204
11622
18457
27453
15560
6450
19209
29107
21719
17139
6966
12057
20507
32520
1172
9318
15678
11458
1858
14093
31352
17861
14687
23423
17925
31921
31519
18673
13015
12034
12574
6752
21896
11829
30964
211
15762
9261
3081
27361
3778
5844
17579
17778
20202
20229
31069
14794
15319
9898
8818
3267
15746
545
32219
857
18570
30949
9534
28780
17634
29034
19016
20418
19655
13384
3395
4684
22518
15004
8683
32682
10011
15275
13949
20720
908
15817
20754
26795
10039
11898
5931
19487
24794
17878
13197
16851
18546
14642
20047
14672
6133
252
19249
24613
31811
13799
16943
2094
29274
18760
26198
17174
1226
7360
20183
22299
32106
15644
22106
28945
24392
17529
1172
14250
15590
10156
13852
9204
16035
29409
30330
17187
28023
14721
16513
17809
5603
15706
6368
32515
22312
4346
14067
15406
12984
14683
12255
4474
12266
4806
22493
1797
26609
31985
19926
17899
3599
4715
25905
10949
18438
28473
25065
24943
27344
19138
15074
28175
28559
26856
22141
18258
13511
9848
30058
26105
24523
9412
16317
28053
29301
22670
10308
21134
26906
40
6680
8554
29885
17626
9331
19276
9603
2948
6337
7099
6503
14468
20218
15269
815
27354
1070
26020
7583
29322
1890
12159
24300
1602
10394
3316
116
31805
7735
28597
11947
2663
21635
10416
30041
20930
23435
28307
15363
14600
26413
11664
26278
23186
5489
1118
28332
2424
28445
4736
2072
12794
22147
31689
9988
6431
22686
17696
31053
16283
5213
28289
10381
27638
11327
28228
30793
8171
30240
29090
5228
32015
23891
1653
9204
23731
10992
4671
29676
7946
10351
14958
20122
30095
20598
8670
21241
11425
496
8096
24682
14448
26975
21242
27302
2333
5235
14510
18935
27165
25563
9599
23464
28895
20315
18930
1721
16046
12319
9042
30936
6616
1359
32246
12173
8720
26339
27847
8629
9233
6841
23036
7473
20612
32740
5416
11487
23076
17480
631
6857
16160
6244
20276
25245
16832
21870
20367
10334
21580
18853
27038
1880
31786
7907
12705
19801
28742
3953
7050
30238
30391
23840
26045
31500
17823
16021
8468
19233
27474
14053
31270
32553
443
2914
10185
7733
12540
19380
8917
1609
17749
8235
2859
19797
23623
21075
24054
11878
27897
17353
24881
22302
12250
18254
26730
10594
10632
4122
22213
17746
23793
11122
579
28542
26808
14461
23620
10070
5082
21076
843
483
3473
24664
8706
7349
25720
16584
16254
15645
30960
403
25795
28572
28355
7018
15243
15258
25096
25370
2627
16219
25415
9497
12631
18480
32477
8030
3503
15082
21409
19830
25722
24724
31943
15061
15402
27490
21253
20330
18111
18404
18677
19062
16713
3711
26299
24477
27816
10526
10471
10814
919
293
18077
27392
20969
18855
8947
17325
20753
14808
28058
25924
28136
19397
14017
25673
23467
21314
31286
10080
6211
292
26062
9242
1482
9905
24328
24079
15690
19797
3053
23597
32456
30359
25402
2127
25217
6218
1985
11537
12147
10504
29453
1507
31519
20700
13125
5469
30350
4671
16466
13779
3218
32582
11332
6184
13646
20249
13042
9447
8952
26535
27873
29583
11230
12184
10600
19503
5543
15491
13329
26419
9692
12642
2369
24446
7079
24899
15900
2745
30426
2624
8099
11242
12338
15536
19743
13384
18142
17055
20931
1614
18235
7036
397
28430
12002
24594
7533
18888
20964
8890
681
443
9556
8142
27008
26171
4870
21088
30478
1284
14999
16684
9839
32462
17325
6092
19751
2593
9600
24619
16065
6251
1946
28732
21431
20816
8155
24556
22418
22593
12735
6997
8786
4176
4836
25908
24848
21058
22726
23965
20962
18662
5069
24813
30463
26534
15243
21249
1316
12124
12350
10917
4406
13671
30109
20815
16680
8445
2769
11022
1055
4802
961
23229
5588
10906
18322
5756
20794
8124
6254
8289
5730
7945
18565
14186
18331
25499
16466
5302
8669
15776
14880
18677
29800
31593
22220
3614
31656
26814
28620
24928
25436
22645
19056
31066
13303
27715
4200
27790
12102
3793
12679
7187
24660
21522
4807
13963
25227
13269
11916
26453
9243
21142
2605
1540
10144
19610
9392
23055
2303
14139
17109
18121
18832
19584
15447
29588
10115
29936
11886
17490
1148
9128
14232
13853
8065
14508
8345
29752
9750
23931
5824
14661
24742
4070
23405
20664
32293
20257
3280
19595
17140
7963
27635
17204
7941
22027
17403
10708
28479
26699
22187
7857
28196
9834
29225
14310
6065
8573
5125
10841
1157
10677
15735
23790
70
6967
23784
15354
24385
27943
28852
24827
22352
14086
18223
25222
24577
8255
32742
24704
24052
28156
12839
8337
7557
9022
23747
20182
24747
26413
786
14038
1056
9645
6968
2232
32707
7729
12711
32435
17978
21716
26085
30405
18395
6566
9360
21672
7373
6723
17055
16386
6762
12715
24042
4828
22504
27213
9965
3157
26169
26213
30664
7063
16175
8840
23691
22283
12260
18045
28849
29641
16985
30799
13802
20819
27229
26016
18462
28034
31153
30528
4782
21696
8041
25343
27389
25208
30357
4031
13359
26059
26657
32717
28720
32389
25594
13681
25080
17999
13682
17859
9486
6694
30438
3521
24139
6155
26782
15775
27105
9468
12020
11870
10908
3876
15289
13728
24167
8271
26324
27579
7185
13472
31276
6156
24145
10630
13513
14222
16392
14572
2358
20906
19911
5296
6953
3921
4241
22103
16485
18505
13794
5887
2272
31428
30959
17300
4641
24887
12592
327
10733
6761
10780
13884
1058
6091
10292
2691
2019
17927
16194
30026
30709
9179
24035
10833
31337
15144
12867
31646
17276
12358
19496
881
26555
23451
8242
10874
6507
8556
20577
24138
21799
31730
24023
3080
16843
27569
10207
13157
18321
16901
23599
9681
8826
31230
15466
17904
29680
4973
23785
23367
6057
9279
16571
20028
16334
5130
30442
24637
7261
13798
7424
13375
4556
13438
27338
15210
17135
1127
11100
23058
29211
20656
18261
22762
32140
5562
17509
30324
31492
24137
24076
11452
14005
22236
7076
32582
6497
11066
1953
25925
14784
25166
27672
9229
7458
11316
14462
11723
27477
22164
29875
22644
6601
23343
25918
251
20978
15543
17627
28359
5870
9700
14131
2916
28264
32452
22762
17017
4284
27731
4318
7674
25691
28235
1710
29342
18546
3901
25210
12436
29382
23265
14826
11378
25826
3755
20082
29806
15477
14494
212
1488
25334
14437
7654
30375
24713
22176
26773
26555
22054
26236
1322
21188
25336
9606
10700
2265
30979
19905
14406
29995
25866
3573
9483
30707
3504
23627
20343
28073
11741
22295
12120
13943
3683
10229
31661
20973
738
7447
11950
25334
11753
27869
2828
12299
20573
22438
1657
29606
10271
7143
15723
4346
8681
28794
21533
225
25209
31032
26839
2838
27378
27081
31600
8100
23679
19131
28177
25758
7993
5330
827
19473
28747
5791
32012
17975
6995
22612
16830
25581
25356
29143
10608
32103
23851
1813
22825
12579
17798
24217
20250
20251
3195
18013
1059
1087
9360
15072
18073
23074
21335
1144
12871
24308
2453
16106
27058
2480
1698
32568
29858
11926
19219
3002
26589
6108
7831
23152
14902
5793
11551
18839
27334
8226
32578
18042
23674
19248
20959
22155
2766
16866
4356
14002
31703
31623
31246
1253
4999
21214
10514
10233
11309
19594
5500
27064
6203
8640
16886
30515
29004
25411
9100
15194
22629
18578
1037
18377
2939
32607
25524
16357
29750
3908
7687
31272
5109
9650
22016
19385
28946
24106
28011
12864
26983
23215
2959
20472
3601
16507
30480
28166
27763
27889
18196
30985
26750
30419
12197
11250
3120
20405
27991
23830
28763
6577
5162
8577
8872
1373
17841
14989
11483
19450
4724
436
8537
6638
2708
18083
20711
32117
16813
21391
3508
11667
18944
3020
8090
15693
27346
22684
19873
3864
5647
22597
8389
7314
24883
870
17401
26224
1386
15498
9579
8375
10998
32254
15626
28464
978
6624
7238
17941
31125
16505
11030
17169
29336
16589
13888
4712
29275
14191
13013
13425
6437
8090
23290
14157
18155
31358
2030
14547
25971
216
27977
17610
7610
4805
6530
25435
31890
23000
24500
27589
19087
20842
3746
28499
6948
10545
6392
20620
22282
13845
4820
23209
17889
25918
10372
27980
23322
25970
29330
4206
18964
31390
19197
1177
9605
12210
1994
9048
3612
23218
16059
9197
13413
9994
30303
6209
12780
6691
26699
13857
32165
17971
14502
16550
32651
8025
18155
9717
1928
9961
31722
9513
11157
24837
14608
4238
20770
18541
19689
16
26040
13463
4323
2035
2781
26115
5205
18372
14648
11465
30911
25999
7925
23924
25428
18770
15723
2066
10165
11442
2556
9612
4096
21229
5693
12084
26121
32016
855
21661
8679
28266
17582
17327
25011
5440
30144
14074
3724
11202
18255
15947
21214
25918
18370
30077
17892
31636
2761
7570
28780
12522
29760
19459
3803
6560
10838
9299
13424
17030
29422
20458
13261
1869
69
10273
28851
11580
28885
18074
32525
5668
1658
28626
13104
8086
22740
3065
1889
595
1772
8705
31383
17924
11290
2293
19587
7468
7206
17292
15054
15706
10925
14846
9122
1955
454
17942
12651
5455
19430
17800
29663
31955
13569
9862
2620
25344
1778
8846
17104
11385
25885
7046
21439
25450
27475
20234
4353
9591
13302
21509
17322
11763
2397
5758
1646
20563
18041
17845
19300
30434
10937
26735
28426
31158
9516
2958
31882
25058
23270
16100
1851
27885
27812
21577
15723
25731
16307
5355
6236
7787
19981
24806
19852
14521
16838
27925
25913
26181
24486
4903
6693
24411
1304
26613
26263
19124
15682
3090
25250
12965
12662
27300
22441
23191
30921
23155
11555
2231
2817
21824
4764
6127
23221
14680
2812
26132
23215
18793
15628
29281
29333
24211
11574
16420
9929
194
17549
20919
30605
22844
18701
20402
15211
13174
11043
12383
30932
44
19568
29550
775
3760
9162
17898
24116
28803
25219
8812
12001
15138
32494
16783
14478
7202
18464
28323
12180
29567
26356
5286
25171
26674
28754
6000
32140
11009
27824
19757
28684
23451
30936
11280
12683
17380
25580
70
28883
23950
28328
15913
27941
21993
4072
17591
32472
1020
25194
9282
4931
1236
8148
15720
8157
29212
19705
19526
20643
26350
31576
13289
30138
18153
17381
7685
29782
31620
24333
17130
16090
7073
32244
28083
6209
12646
18689
4289
9916
4680
10140
32360
6556
32104
13622
6631
26227
29731
1930
5278
24950
228
10787
2939
13606
24637
29471
6326
32048
16439
5426
11710
2193
2534
4846
18803
1789
26944
30529
24213
9602
1839
30527
32380
24169
10724
24865
7178
93
12143
31886
31455
12495
5772
16410
7883
28056
2496
13
20361
20960
8357
31333
1194
8767
19330
25630
19919
25635
7455
23472
2843
1138
26328
25818
2536
20848
23279
20894
22969
19426
10535
15501
28016
4980
18830
30788
23746
29272
27034
6199
23015
19504
12151
30381
12182
29742
18336
23564
23344
11897
28845
11095
5948
24787
31083
14325
27155
13946
25906
10420
3292
15179
10867
3085
16059
12845
16273
426
22598
10925
27122
7461
13113
6630
853
26131
14954
31396
10598
6465
13823
14537
2959
3901
10206
27631
19218
27672
19557
9550
8533
31851
4956
21728
16508
25496
9511
2500
8765
32594
18496
4577
14576
9312
15077
15563
14054
6301
21774
17898
24572
28228
1698
10713
6512
9322
1514
27404
11251
12492
16966
2486
27647
22219
28447
13033
15466
28597
15132
27391
7996
2118
1945
14138
18622
30575
13397
2727
26835
21077
21354
31304
7819
24989
22915
31857
18934
31719
7753
14195
12342
27032
16670
9080
9688
13789
17934
942
13157
4333
32514
31400
26675
10126
5431
15873
20353
5082
18159
11586
15299
19267
11623
20485
23611
11733
7944
32603
20681
6843
481
15980
12292
11781
8789
1629
13193
2984
25105
2423
32404
23494
21314
12677
13005
23600
5124
23933
18276
11050
32285
8803
22111
12142
32491
4971
21555
16755
11163
21854
26002
31214
26012
318
18309
18842
9043
6701
32186
15924
12561
6795
15135
6346
32322
23647
14512
6454
19175
24824
28300
8934
18758
15316
25423
7902
2015
9408
1436
16127
14243
30017
17401
1673
8801
5427
22240
15327
25985
6832
28946
10122
17652
8499
18991
17537
10859
7165
14212
17831
9415
10168
18212
5270
31697
8027
4410
11675
11308
30797
13213
32001
24456
10701
11173
8595
13591
9105
574
14428
28229
6061
32314
5553
21412
7095
20716
3954
26149
25897
28914
15500
12430
9478
5970
19906
19752
18113
4809
25518
29624
5722
25951
1538
9137
4554
24639
8212
16040
27041
12742
9882
9992
29934
6618
19121
14087
7263
14461
24101
9177
169
10913
19692
8483
24618
26942
20467
22706
32717
7843
15646
2669
6959
26122
6282
26760
8192
10606
19221
1019
14507
4513
8736
23859
27193
15513
31891
27911
18802
11786
18722
14829
2886
11835
14799
19822
29804
2834
20656
7639
27721
28528
10739
16434
14099
17605
10015
30324
6966
21211
24476
28152
30199
4598
31350
16940
855
25375
21854
6027
23866
8893
7410
25291
30152
18789
14910
12375
4372
3827
14722
32767
507
17370
3637
2286
11856
21688
22603
31197
7734
11310
3764
2439
6860
26350
13093
27485
8208
3605
29466
31866
9725
19388
23068
15577
1271
19913
31039
26822
31081
19211
10224
18066
2733
24199
16877
31883
22828
11532
1685
811
6086
2318
32098
1936
13428
2225
948
21036
29739
16931
26576
1470
1540
8751
13608
19073
20891
4367
5597
14755
1204
22914
28034
7416
9253
1567
4387
22256
9200
10473
16517
1735
19119
16675
17584
15611
25653
13158
22443
21507
1906
2032
14727
16702
29591
25407
5790
29226
18555
27871
8989
2518
7741
6272
4032
4762
16428
1355
15325
30725
3811
26486
18596
23831
19896
12310
29093
8880
24408
26421
20115
12873
13739
27685
25159
24802
30974
4115
6919
32315
10848
16095
10249
25671
17740
10796
18483
6878
9353
10931
30245
25522
11855
19420
5497
17028
2987
13711
1353
21912
28452
26695
15346
4710
11935
32617
20504
14994
13440
28117
4843
7454
3090
26810
8104
30687
3369
29870
1122
3373
27398
18686
26626
16863
10874
32066
20877
22391
17231
13621
29861
5785
28899
16068
10067
32194
30230
22117
25859
18486
22630
1450
720
24890
22105
20502
30978
6020
7452
8751
26069
9456
361
14036
11645
24180
16301
26321
23398
8278
1899
5809
10432
19100
21979
14036
19515
25029
25560
2497
30479
10166
11001
9404
9024
16631
17917
24220
5920
14879
12396
8407
16917
397
10619
20191
22172
10585
15920
14257
17806
1418
16072
17834
32419
31370
9046
24733
6708
4055
9132
13860
20549
6906
1662
23603
24770
5821
27589
499
20745
31385
5730
8909
8873
9838
30980
28612
26473
13943
2635
25353
22157
21372
9262
12745
18260
21321
29338
4170
13509
15712
13659
31798
11947
2027
22848
311
23519
8436
11386
11203
29125
6104
12870
7738
17689
31481
22988
31790
22508
15796
7238
8193
2281
14995
18020
20150
18397
9667
28911
24065
29559
968
27822
160
17484
30831
9606
11502
26909
516
16612
20918
14429
29894
31584
19781
6894
19096
2458
23235
5164
6905
104
27075
2860
20278
2100
5144
14661
26334
24479
9706
25040
24695
29034
27658
14125
6767
407
15491
4359
16470
13771
28018
22488
6218
31991
11799
18863
17586
6711
30251
31793
20015
22267
32628
16349
2511
8292
32152
18581
12164
5105
2095
16218
13525
16218
27419
8536
16340
6076
20764
4130
18000
27639
31903
30526
11595
22100
727
10980
31918
29036
15631
25603
31548
21573
25663
15749
18117
6589
2781
5844
15516
30508
26869
32669
17995
9797
11900
4308
24196
9789
20450
22264
25179
6192
230
12696
691
15040
20910
19478
27126
18687
8727
5035
27146
16527
24394
20139
18048
21255
16272
14602
28430
1689
28775
18976
15935
18930
27349
1961
4201
32610
25084
2576
18144
17213
32751
5613
2921
29057
25796
28364
26609
11960
7146
18224
1663
30752
31677
29143
11624
32522
9048
14400
19394
21376
2730
31339
10778
8746
22733
31712
4970
2419
29842
498
2629
18919
865
10053
24149
21983
19008
2190
13831
1121
9521
11930
24709
27458
2241
22930
997
9357
16862
4477
31647
809
26601
8198
31557
31413
13580
22399
18798
16055
14542
19239
9972
23798
6372
23720
13919
22308
21578
17124
30624
32704
15507
28145
11267
7739
6526
27746
13919
7770
10953
13769
19343
20187
31818
32378
1830
29531
16443
30865
14431
11639
9174
9782
31571
306
21026
8479
29295
30870
6412
31575
13348
10911
25785
7486
16608
10580
1307
17618
5438
6967
29122
2604
11386
991
32757
3405
1831
32740
16130
12571
2596
30715
28370
1959
18892
3938
17600
21425
5485
20863
29355
17262
22267
25284
9290
18569
6918
14549
26304
12647
21738
7661
11889
26543
13126
894
28435
30730
6319
26647
31240
18215
3237
21643
5867
6147
14533
13392
2665
18279
17985
3365
32594
24754
12174
23031
1519
28632
23132
3334
7575
13483
3531
32068
31869
7001
6364
17149
2508
7734
15653
18365
15862
29884
12746
3439
23880
13264
21160
28866
16579
17223
20435
27345
8487
19625
28995
5634
6224
1845
17098
31278
19653
1317
15433
25603
31631
26163
14884
19367
21575
4955
23027
3742
23411
26595
3963
238
18195
27545
1500
6529
2422
604
8459
15818
32338
13533
13187
28844
28180
30375
15416
26775
23413
3421
16589
20724
20302
32067
6150
15043
5805
7936
14464
130
10024
17059
24480
8529
7537
995
9417
22357
2603
13227
19666
27994
252
31446
29111
6076
7652
6711
21134
21639
29901
27612
24509
5853
8035
2451
22379
16792
23845
15534
1588
13617
31164
6916
33
29921
28044
30008
26071
9989
27786
31294
2574
29895
22349
13338
2885
3323
16999
16875
13748
20039
2037
29481
16771
23687
6005
10283
16697
9583
30680
7148
21623
6258
12248
31502
29414
5603
2188
27679
25454
22875
24122
27932
13225
25434
29548
10803
17303
9777
31302
12749
14739
31263
18454
10700
29317
7354
26413
27153
16986
16272
31470
8258
6321
27151
10788
24778
24023
12962
921
18721
7158
4893
4324
5965
18569
23643
2946
23209
16915
3365
26664
8677
22033
4182
11352
19022
25389
9789
16947
21583
27572
32067
16014
24888
11338
15822
19783
15935
2781
3429
14297
8389
29143
19732
14895
30682
27544
5906
6582
30466
4643
16289
12982
15929
10007
23862
28642
17206
26594
7130
24622
24557
29233
24528
24288
10839
19626
31608
490
31093
26590
31859
17015
15251
11129
21512
5060
458
25532
24262
23601
25800
9006
3947
1176
9940
27790
16645
4573
14092
14603
29783
31942
31217
11960
31870
15373
31526
6970
24277
13492
27765
1731
27157
1177
5651
29509
18625
23370
7205
7135
4801
21786
15746
18588
8780
3189
28603
2652
12300
21872
31833
29458
31357
22436
869
7728
31895
31293
1838
7520
30636
22094
25926
7541
21651
9064
24782
22433
8198
21098
8691
8936
9801
19098
20153
14804
29196
31989
8440
2155
12947
16836
7587
5726
19732
13424
20816
24963
7521
407
13813
15493
10694
23391
9712
1499
20021
2059
75
19190
8864
16076
25149
11199
8359
18137
6644
4672
19571
3265
13969
4769
25826
8704
22901
1879
24292
23249
11451
15768
12325
32324
8965
17938
11500
15504
25724
15836
32067
24490
3346
9133
27992
27159
8203
3404
7459
6142
21691
20807
21321
30337
8337
30952
30528
1357
8788
3685
30388
5744
21165
6999
6698
24684
7654
27501
3300
30345
19185
26466
7172
7023
21420
7212
28916
8691
4707
17015
19204
20530
26774
23121
31829
30940
17149
12071
11767
16083
7882
22512
12110
14069
29742
1960
21690
23605
10782
16896
10614
2545
30551
18516
30913
28800
21664
21213
29244
14346
25679
27176
28052
17820
29454
29894
4448
22139
30175
19782
24909
26041
10590
29792
30584
4103
13894
13171
27931
27082
32567
17202
13932
31601
31671
19097
30146
22533
17526
18983
2554
513
13526
18247
23577
4709
17834
19471
12338
22022
1342
3884
32139
21800
20633
22557
4603
31054
12798
29600
1174
17745
2233
19562
15245
21424
24088
31771
2383
3879
2999
26737
9460
22915
5888
16572
476
5300
26099
28562
19091
16932
12579
21699
760
11335
22273
23439
5535
20084
29789
16663
20595
28403
26154
7954
5280
8023
6274
3777
15792
5901
18154
30757
1011
7222
4566
24943
24101
28338
3440
21176
9803
27005
11669
8690
1502
20031
13088
15135
27947
28446
32364
14529
6650
10967
27412
24721
29038
28429
6397
22643
12588
13537
18071
10154
15295
11202
8287
22600
1084
1670
10665
19689
23841
7866
8860
7841
11907
25143
3966
5939
22377
16118
17714
7044
15987
294
7934
6735
21951
22395
16786
21273
5644
29128
3910
2408
13600
28112
12708
30768
7016
1626
23590
6542
23775
14467
11328
5816
14640
21336
19105
29749
26399
9636
12727
20041
12069
15879
15729
14772
6490
29000
26696
7324
12953
6892
22912
5063
11486
19464
10411
14349
24306
23635
31344
22541
26443
4479
23178
31264
30253
20682
30483
14987
790
3792
8451
23033
29017
29091
13812
4136
26633
22813
22312
30434
24856
16757
4556
8495
13248
13329
23678
13001
7714
15003
3598
3024
4654
2135
12673
23743
18882
19892
23388
13983
26134
27169
25631
27514
7767
28705
11279
21267
16786
12194
19512
18388
4052
14987
22707
28680
11920
6036
6181
10058
15424
5978
21640
7229
18255
32691
10542
30334
11319
318
29186
6359
7911
11071
16402
21430
25447
20906
30538
7133
31166
6526
31106
6490
16660
8020
700
8890
22036
27704
6822
30842
12436
11447
16231
21694
17528
24121
11671
9029
10707
26258
27023
30109
4176
18899
28132
1939
465
29286
9006
26606
14421
16218
1294
6493
2847
19707
6255
16301
14101
11174
5899
11583
1638
30939
29745
25786
7023
3732
7878
25341
25312
15573
9355
17752
28954
16773
6813
8187
20188
29308
28482
6318
31007
19933
2274
6595
6206
25766
22100
12617
12890
21381
13404
28803
23805
15854
19569
24473
12797
32618
20675
22924
2980
1842
14716
25711
19469
4604
26438
22997
13265
13845
20238
29574
3044
30128
4872
4214
9913
19326
11508
17911
31917
25982
3487
4397
26530
535
21932
15554
16874
9060
2964
20188
27752
3279
29420
4940
32753
16097
26855
5641
11768
25944
27163
8668
5227
27514
9608
5980
2264
10922
16598
12317
7892
26425
12766
549
28061
3966
20844
22431
22782
28969
2883
11988
24947
22740
20322
30294
16270
20443
10374
22910
20121
27758
7152
12569
2685
26596
13928
27743
9443
28498
27266
1573
30104
25181
9248
23123
18998
29772
13624
28567
22785
25442
32728
2395
23311
14954
359
5621
4524
20627
9005
19742
15100
31614
29718
4774
14818
10134
12210
29030
29985
19104
13953
17013
12737
25746
23406
21663
27829
681
10905
10258
30650
30902
3417
4699
23938
17593
28546
24209
20754
20656
18915
15824
11369
1713
13843
7145
16994
27447
28526
11352
2011
12730
25946
17271
22551
32642
17103
20465
22625
20668
3862
2168
16114
13262
19408
8635
277
20200
13371
8338
11401
25563
433
7292
28711
17967
22897
1612
6084
30575
18338
18207
32601
24008
27541
19345
16738
18643
14667
20273
9347
14510
29751
31794
3185
6993
18244
13155
29200
29727
7706
4193
9945
8636
9117
32266
26495
13855
2487
28470
466
5352
32344
4002
4579
19443
29115
301
6761
23085
4586
31047
31843
22694
8068
21158
4607
14824
32702
26426
28859
5000
12200
18020
5834
9722
31922
7011
1977
5801
9838
22543
7250
4167
19863
30665
2497
15714
21587
28338
25589
20793
5045
6427
8009
4813
2694
16189
21860
7739
26949
298
20829
20552
8044
16132
10019
4158
19957
20845
23069
27639
17181
9790
22285
14903
25448
5500
17722
14143
9189
648
29390
20382
31155
7573
24701
3403
25284
22879
12391
23281
27617
26907
31808
4490
22510
23209
22190
1071
19568
8465
31730
32302
10060
9005
30155
26462
25041
8867
13975
687
9465
3863
28604
31493
29420
6558
10054
12871
2502
7285
20690
1714
25498
10995
28074
628
30647
23996
30769
10614
8490
12088
7810
22905
20100
31811
4180
28772
24285
32038
25633
11484
20504
19142
22407
32022
8809
17436
28398
12265
5397
26597
14443
15400
8313
30363
13796
4654
20814
28835
12917
11194
26923
17608
1811
19966
26699
17128
4719
12786
25745
9965
26653
1774
20937
20479
31478
888
7985
30713
18107
30811
20024
32537
15611
6649
26245
8187
31030
29665
27451
8136
66
15012
13692
20139
3822
28645
22572
27780
15334
3248
28919
17889
28886
9741
2709
7466
32466
16340
29772
13339
20982
16834
12983
2423
2121
17101
28103
7931
28647
7861
7
23441
12384
2524
2852
24007
9051
5975
13740
21119
8319
25925
30230
9192
16531
25439
3843
5293
23523
26577
8387
7020
18406
1609
29723
4713
6175
23885
25157
3972
26177
19921
32313
30824
26006
20745
25387
9990
17825
24700
19541
12866
10243
9306
23030
12011
11675
23567
10139
31985
24305
13592
6045
29906
29653
1045
30699
2390
15939
5152
25609
12668
15498
94
2137
11956
5805
19411
10906
846
2826
11131
7086
11571
3641
13974
30368
30931
8759
28995
20709
94
10436
25936
16354
11063
13577
15697
22447
16806
8318
5615
1819
26829
26379
31107
29936
6877
3694
14820
17016
28553
7388
7292
22335
18619
25323
3234
6683
14214
7343
18468
15210
11613
11811
14882
29851
19842
32459
30755
24816
29376
14488
5474
21377
15709
28172
16489
20101
15691
27550
24289
32717
3230
14432
7081
26257
28227
2527
6949
1647
17646
12107
18905
19377
30292
14296
31030
1231
3739
22627
16051
5428
14350
21593
18720
17733
23318
28117
8247
21408
31333
8456
629
11169
8053
11998
21800
25899
27441
15070
23240
29093
7922
83
9098
6722
12716
25257
27699
13190
17770
23833
24362
10758
4343
5513
27602
19567
4574
5805
10262
30409
6805
30067
28742
765
4342
26014
14625
8853
28910
432
18483
1476
26489
18958
18017
29606
6606
8031
24770
14280
27862
15413
27568
2283
24803
29167
15391
19717
21919
11486
11054
24201
19011
934
30716
14056
28169
21991
31677
8792
5347
15901
25613
24788
25709
23237
26499
22628
19744
12994
10378
15518
9161
14590
14956
20333
28474
13140
31920
7953
15936
2222
16550
25959
6613
14954
27968
27755
26518
3331
5411
7163
20599
9197
13054
5342
32693
5312
27
32004
19980
13721
6452
24847
11563
10941
25991
20243
26469
30592
29740
3738
1961
5734
17319
6636
32180
23687
10170
15501
21125
11320
16765
31494
273
15079
15792
10216
18233
28231
19791
18959
761
5294
3175
14372
28642
31931
19241
3429
22730
12347
27964
23465
4546
22093
21336
16030
20040
197
785
13398
10174
26831
240
24322
26651
24277
4296
5117
27873
29090
20551
23564
13903
4295
24524
18660
30423
11837
3448
17388
14034
9037
13960
14917
24691
23725
21218
18952
18425
4588
24301
21710
1065
3087
6054
7030
11004
16253
15601
18210
18069
15640
20012
899
5749
16045
29962
3671
28914
21134
4767
24623
22757
27261
8887
21110
7076
20940
26988
26287
2864
20163
7928
4862
10415
29506
3527
14314
21276
24743
22225
9057
20029
754
20518
17660
13781
1832
12746
30597
12572
4341
1220
951
31340
29588
2162
16452
3901
29172
543
29469
7251
18963
10967
22509
31286
4014
12154
28646
19939
6685
30480
32449
8641
2425
9052
22784
2774
9983
32692
26487
11835
9401
21008
1034
15053
91
16992
5048
11046
3435
19491
473
25548
27300
28213
163
423
26269
3304
13043
27833
6054
14935
9035
777
10994
22775
11286
28640
12028
19567
13620
824
23843
11434
27314
7538
9879
12074
20697
839
2169
15007
22891
11777
27454
22712
24105
27627
4437
31289
9368
25862
22793
16718
20229
22525
21928
17950
24263
9051
997
2468
11204
28412
7547
2746
30007
2497
20499
12663
28592
20360
23400
1211
29788
11100
23209
24072
13702
2536
15647
3988
7262
20530
12815
12444
13305
10886
3042
1018
17818
18351
24195
11514
2608
21614
23817
9834
5407
19236
14998
12272
23619
27602
4734
9633
306
28739
7084
30158
16322
20616
11074
10529
9676
11173
19072
12521
30767
10378
25575
28595
26903
25413
19358
12314
895
14965
10004
32224
28660
4354
30695
5437
30364
22539
19973
23670
25208
29984
25873
7090
10726
22706
12552
26378
106
22727
7716
28383
13741
9202
2048
10864
1478
24707
11262
4267
16057
19451
6886
21316
24381
28355
28111
20485
4803
14365
16963
11365
11955
5722
16798
20315
5369
24398
14263
11636
8128
7425
31938
6948
31357
4775
13941
6489
3120
3538
13418
20566
22247
22503
27589
11455
28803
23502
22038
21232
30910
21486
14209
23699
12397
5209
4124
5234
5635
17731
15512
9353
11095
8633
2596
27232
18599
3728
16782
26008
8412
7579
28075
29891
23311
20769
24826
21625
25933
13197
16004
5288
25751
5992
2566
30763
26157
4997
850
29342
13837
3963
20723
14449
32438
29784
15888
5436
5681
21908
3987
31826
7250
9796
13449
1945
20028
20112
21964
22681
13091
13671
2272
4050
1622
4722
10780
20051
636
7238
8714
30088
29213
26333
6672
6484
10597
1607
25679
22623
19749
18845
6859
