700000
-2
18740
29655
25462
14067
17055
1441
24890
7300
3222
29184
3729
18779
17078
2027
22828
9402
24143
3654
5101
32584
20851
17064
2715
10239
22605
13665
32217
18501
29876
9916
7001
19289
18432
18817
17997
21745
16157
3774
17438
2850
17630
24263
8545
14207
28307
25468
25351
901
22237
18378
22483
21559
6849
4213
7698
2309
11516
29204
12678
8690
29590
18525
5539
4342
25530
4770
28670
15009
4037
6556
9986
27138
23453
8808
22756
15303
19268
21199
16090
17573
8109
10954
20616
30459
13774
14149
15291
2994
23542
25124
1114
29287
4449
900
24730
3276
25610
6211
9584
14667
24768
16834
22348
28909
18812
29417
13060
31867
1522
28268
17166
1251
614
31309
21747
732
28865
27811
25344
20941
8164
30105
17983
27115
23868
19129
17574
1442
5270
5995
20365
13879
8757
22200
1638
11179
2850
31316
20904
13282
4036
732
10764
13573
19632
27996
24572
10020
24002
6676
30536
20768
14189
4220
27420
19656
10831
17541
28207
5698
17673
16674
31548
10925
2125
23559
18870
31236
8505
22192
31416
12357
7651
4262
4667
6611
20533
12030
4235
10009
21243
23842
16380
21361
25914
2772
2776
29508
4035
19311
28061
11634
18697
14960
22885
9204
2864
2358
6822
4032
4198
6662
6171
21484
10614
19538
32258
19479
25242
24123
10632
23045
27281
1876
26754
30345
28658
12457
24925
18856
26816
28160
14168
3579
30782
7262
16112
17237
26373
18893
22172
29862
24915
19037
14267
5407
28582
7785
21451
14487
23946
3611
4571
11054
687
7730
67
11312
8766
16899
20114
20540
21613
28350
9160
20133
11858
29683
9414
15896
7156
15701
16130
1151
8360
25021
2943
32294
29083
9074
24061
8220
7851
17831
21613
6621
15739
23365
31399
14893
19142
29419
22111
6983
13811
17459
28501
23095
19178
16952
10189
23941
28199
14165
31039
28435
24332
20015
26959
11592
29820
11253
19199
5998
1957
32742
8228
14681
285
11284
12055
14922
15409
27496
8364
21267
13434
6375
14952
28539
12721
31795
2286
32483
26051
16213
3771
14378
12584
29113
19219
21711
369
15482
11579
1877
32289
11233
18409
12524
30654
12840
22777
6733
19752
18307
31073
13286
15145
19297
2407
8503
19020
2798
11538
4988
20211
4317
27870
14220
12196
8806
20147
15105
26020
3466
31512
11417
27591
11422
17061
15324
3974
17159
6070
7167
22610
5955
20583
3593
31016
28201
17596
22068
102
19313
7455
8342
14813
7030
25872
6400
30503
10811
13848
14887
12858
2988
3838
6145
15934
22823
11070
10610
31388
26683
28343
21800
15448
24240
14756
17860
24992
18375
14541
18746
17317
3778
1535
16250
31401
679
11449
23632
10329
18242
26408
16520
15454
22377
10069
11863
26415
31876
16542
23798
12073
24396
17763
12176
23521
5586
27905
21342
11193
21187
5636
2321
1969
6635
14488
7536
10624
7673
23873
21826
26596
11138
27596
20590
7478
17736
26246
10337
23617
21947
26027
19888
26452
6592
26401
26878
7574
10418
18022
17185
21146
15782
28872
30848
17459
9716
10708
31679
8842
30963
29712
11167
24173
32003
29165
31
12778
24017
21239
4840
5917
6102
8527
1767
8518
15649
859
4924
27678
30551
17852
13651
5484
27384
16768
20048
29907
24547
29337
12209
1518
21277
21134
23342
14495
21966
19313
31204
7075
23948
22289
20147
5482
27100
7792
10213
7974
8950
11640
5136
13859
21961
3817
24125
30550
28991
25750
5449
6456
26818
20433
8844
14293
8191
15908
13241
10015
17386
28226
31749
16265
13570
16700
4236
22737
26326
11256
25584
26397
22728
23776
9539
28234
3089
27095
1575
16257
6917
6769
11315
13579
21912
8803
20889
24678
1826
24632
22790
24216
18783
29766
22730
18115
2234
17377
24889
26362
7627
15566
593
17235
8222
27898
21661
2877
22070
17004
2392
30996
26321
1913
17878
20467
12142
28471
20000
27594
25613
17972
17119
6064
23606
7015
30331
7802
12604
30054
7555
18828
4547
26586
24144
16879
28288
7472
997
1956
25664
10386
22554
29496
1836
13334
26874
30105
29515
24373
15721
2600
17992
24958
15626
3855
26230
17803
20319
30677
15121
20533
30258
3632
14791
26628
26420
13594
28022
4329
26853
25126
23096
20528
30387
16661
25245
3248
28774
13732
4663
16197
22715
12201
29020
1920
26447
1374
17959
30876
29119
18429
26304
12980
28686
18061
221
7220
8263
13051
31369
20366
3427
7532
20517
4398
32108
14802
5036
25007
2787
9149
28987
79
28000
5237
23760
29088
13688
16197
19793
24193
32739
18457
10449
24397
25566
2124
17936
1874
8399
5563
10048
17541
20264
16414
21007
26483
6285
30872
26849
26491
15161
22412
26973
14139
23710
13491
13356
15688
28491
1387
16893
17698
12307
30034
10701
31847
32364
27924
23653
20550
5141
31617
14628
16183
24572
21731
24574
29417
2142
23694
25797
13948
22576
27832
18343
7409
7102
20619
22265
27615
12434
9337
24115
7783
19607
4304
17979
5225
16510
4750
2790
16888
14689
18038
10684
29452
17830
27235
28155
30583
8487
2269
15839
19227
3215
746
19745
3673
13319
27686
22717
25293
26899
27926
20473
56
13238
8122
3747
5565
32477
6753
3226
19281
25595
7361
9872
30573
23024
4935
25613
23813
19247
25772
24247
1470
22304
15817
11986
3164
17091
20396
259
27513
23703
13291
14681
9341
22458
27448
18317
21194
25169
10806
4233
32567
31530
26764
4392
18368
19104
26167
7741
12156
703
6948
26070
10959
2729
17662
5570
15328
31032
1861
19280
13133
8933
20896
12378
26910
16105
116
27010
504
26530
27573
14780
5267
31287
22524
32525
17262
6527
32218
27794
7874
22559
7021
9667
25268
19955
17456
7929
26062
7344
25367
26414
19376
10183
8924
16132
20483
908
12435
8457
15791
24471
3205
7994
26190
28778
23867
14790
11744
7253
30937
4884
32448
28567
6318
9478
14807
7110
27400
23424
30479
1649
30541
14372
10762
11011
2119
25440
32533
21482
4288
20139
1111
28409
15951
19467
29518
267
11889
16091
11901
31978
31195
18891
18270
367
2575
7720
8350
17130
27950
20574
137
9155
7181
21947
10180
16482
26250
3957
16442
29261
31265
1775
14424
3728
14010
16184
24189
25442
17861
16340
20652
14597
10121
15552
5253
23022
10937
32688
27507
26150
585
30363
14118
30192
28031
2937
580
20396
9805
10572
347
13563
2526
4701
8219
2852
12143
27592
28354
25271
24928
8762
983
8816
11403
3066
9755
22877
31188
27686
21181
31811
26113
15168
29645
4671
19405
22761
23283
5289
13367
2795
21601
1597
8480
28029
26118
1405
26133
14531
3844
24145
874
32661
7013
24305
14216
19329
24585
29700
14983
14867
29411
20490
22528
32595
13158
8695
23324
29072
14137
7968
241
604
28466
25691
25871
18648
6274
29282
7253
306
20013
18809
29194
9579
20158
26705
31529
862
19000
12843
29691
29694
19535
64
7147
6111
5848
25185
919
15608
127
21211
291
20903
11192
24989
16082
2293
10744
6813
6103
5148
24356
11127
14184
5446
14666
3159
11797
12184
4239
12314
29016
22639
17256
32688
31085
19945
25357
9413
29027
22184
1067
26528
11636
11986
2009
9291
23442
18012
28878
6900
8770
13449
6353
8083
8621
1197
23152
27853
2804
16439
757
7704
16837
23022
8342
5409
15404
24187
236
20075
5291
3624
29607
26936
652
17383
9599
26284
11382
19862
10094
25648
2367
6529
30236
21781
17153
23849
5531
32633
20592
6468
5460
16495
14442
7940
4161
23386
13264
31388
32093
22682
8597
26369
25689
14187
276
12013
19089
30473
26279
7978
27710
15129
7797
28173
5613
3908
29067
15425
12848
3621
16687
4805
24467
28517
27760
568
8913
16676
13314
18261
2376
20635
4169
6330
20395
1536
11700
493
24823
14250
844
28576
16808
14454
14221
20788
15148
9577
18292
29565
23448
13975
9177
30917
7578
5955
14591
4627
19630
2375
5226
23981
31125
22455
7408
3803
4868
23745
4371
17134
30361
7895
16270
10113
3602
18705
11822
22015
19649
716
8931
2149
8507
27288
17175
2889
12113
14417
15678
4380
26177
19083
12463
19116
18221
9011
18354
26860
28619
6004
14298
27640
15711
14040
7317
25428
7142
11696
24577
884
21908
9909
9729
13442
30337
28655
28049
32347
6304
26326
23638
30171
11248
28600
26745
3930
3830
31834
21686
31350
2922
26082
12976
27411
2865
7668
24456
29601
6539
31516
11949
21662
1166
9324
14070
25947
13011
24678
30190
31234
367
19228
15727
27352
15908
14229
8050
8384
4569
16499
19493
19201
28488
19411
5694
8776
23031
1653
4495
23793
6505
6685
32731
14466
11413
9016
32745
15480
4503
10691
13014
6727
13734
8553
19375
20124
8518
13547
15680
26597
13502
24773
31270
5651
2253
8463
31532
26526
18329
13985
32724
22474
4584
18298
15667
4650
17554
24163
28418
3938
12855
3535
32499
28464
9517
14854
13889
13230
15804
20098
11659
16849
142
25241
28386
19254
10593
4445
32289
1310
5631
2241
15228
20663
23920
5117
21596
14493
26478
9523
13931
26528
6169
8786
14570
31944
25580
31035
28747
24726
24560
16162
24572
32653
8751
24375
32385
3569
1644
7302
16325
14543
11025
27420
6578
26685
14953
25708
14079
30435
21519
23281
19529
698
10919
20756
17254
15124
10699
22351
12534
20445
14408
5523
18490
26144
27275
999
16682
13772
14678
5715
25793
13497
4280
24572
13212
29414
19259
29072
23235
3077
27999
30436
27335
21049
13639
22492
1293
5662
21171
24716
29545
12298
23342
13468
24046
11922
20105
4593
4869
20048
16263
9865
5565
7908
29914
32167
26210
31033
5710
18481
14673
11018
14917
1110
4106
31652
26467
18547
26759
28141
24202
13624
30413
25509
16649
21255
7360
1516
26384
24220
5179
5892
31336
18675
32608
4441
10592
28262
21293
14270
1547
18711
20560
31482
26024
8845
32317
22659
21602
2210
23677
5769
28986
2460
15945
310
17985
31642
1111
3381
28938
21298
10484
881
12127
19800
21075
6687
9267
28801
24357
7934
26840
10505
8553
5853
15986
1234
15238
30303
29612
21039
21399
22523
21161
9728
4358
21318
11070
3358
6236
22901
19806
27897
31063
15133
2005
22399
17214
15166
32569
22080
13169
21376
28958
28880
12868
3516
14218
29293
4621
5822
8361
13026
17532
28234
28353
26283
31275
22620
5223
14938
24694
29620
244
15674
29069
6546
4403
24369
2759
27327
30812
1515
15674
11724
13638
32052
3208
25246
26584
18086
4091
12075
6849
3205
10709
2430
21864
15335
18657
17153
2598
2584
26702
22779
13492
26940
16829
11864
15583
12342
26009
4777
29059
31177
11687
14955
12214
32509
15838
3212
2628
28869
1912
26923
1372
5342
585
19872
14984
10746
4176
31164
30946
22302
16268
31313
13702
10825
24080
15605
24643
27222
5210
4356
28822
16419
31201
14820
16088
31475
22509
30349
32182
29713
3755
8776
26594
21943
20609
21174
30216
18733
10143
5909
12548
20533
31191
15551
29778
19879
32430
15603
13509
345
23475
14296
8060
31553
23311
8383
9491
18910
28766
32681
17686
26579
32701
27657
11707
11478
6948
9419
976
17864
10743
27028
26354
30757
11991
31052
1536
13471
8126
23002
22479
15622
1099
19758
19487
24939
20058
6021
2254
6277
8408
31464
1868
30548
30934
3062
9807
19459
27867
17380
968
24595
30335
29634
13077
9654
31285
32000
9080
21625
361
29488
19144
14630
23243
2829
26726
15593
5354
31421
29811
26545
1796
12115
3904
25049
23580
31640
1286
14600
21582
9227
14808
27734
12384
27686
4565
944
31641
2275
10658
13949
10198
7295
29464
25985
12250
8062
2617
27650
13286
23279
22121
3114
17545
22513
19419
31405
20410
26742
24905
19884
25636
11591
3560
21208
16065
15689
25499
4314
22186
20990
6502
30707
23342
7502
6694
1503
22561
11400
27520
24832
29814
31908
280
11960
32529
9163
20483
10519
15830
13337
13950
14262
13062
15265
3040
4066
19659
1457
27853
8189
13073
344
6061
18978
10136
28966
27996
12808
11335
18483
27171
8745
25540
22626
10984
19491
24641
13799
21153
26718
21657
29703
25615
30959
23451
7967
25512
13244
18853
6120
21973
22497
15478
13305
27997
29267
23869
18318
32289
21955
2293
31879
2059
18886
21237
6836
28225
13618
5571
9551
11934
18379
1578
29130
11618
26399
31884
7116
26920
25262
26745
31350
11033
13134
8831
31466
1888
18894
4164
1038
16861
12506
20179
18317
27422
1566
22324
9247
18827
3759
20799
32011
25312
27302
2225
10986
14817
11278
14464
27053
5193
21760
8300
26593
23811
268
6359
23346
30364
15835
6358
15918
4601
22291
25224
6988
23877
6523
18855
2349
7982
20832
18524
15393
4689
2103
22104
20717
5362
17795
13856
13516
241
22265
11432
20147
16377
25570
22308
19929
28667
20418
4891
16759
11227
12343
11453
24012
19561
23075
18294
4709
13714
18957
13507
21915
984
27589
11589
18781
11775
1351
8212
7472
28425
18658
3157
20851
3173
21146
6415
16360
19556
5322
24378
3440
12524
30734
6681
26902
19056
12895
12746
15439
14111
6528
21532
12416
8796
29850
4000
11713
22639
4387
9475
14049
17018
7939
666
18090
24238
6138
7743
4710
2238
13884
8540
21922
9876
15967
6981
2865
3396
8311
11723
14196
12862
13440
26638
10201
31943
5628
17298
19362
19370
25308
30613
2536
810
24996
5792
14559
14140
21195
10845
6747
17907
29024
16808
403
30268
26356
9448
1573
28363
14003
9376
26715
6485
25556
13889
2733
17920
22324
21315
9351
8984
18493
20083
4684
23811
11533
5007
26266
31351
30164
1296
8400
18666
6014
27719
11469
27978
10643
12203
4091
27887
7003
17266
26509
17102
17477
2142
7172
21743
21385
3290
28152
24097
25357
25669
16405
8172
12678
2190
16996
28871
18399
31233
25291
31371
3550
4448
9944
15656
4613
14390
21178
10646
2230
31592
400
26895
18075
11277
4839
9340
14917
639
4477
24621
10515
30642
30539
16332
13142
18629
29379
18068
25522
22743
4439
26558
19912
25884
29498
31548
17
16176
27754
27306
19725
427
14062
10882
12190
29429
6748
21391
20142
2652
11423
28836
25624
19299
4087
21645
2758
27485
21057
3142
14359
30011
20857
16747
25731
24483
18813
8432
10113
18754
28436
6674
19112
20322
15406
2445
6165
12991
20846
9488
26638
16022
4325
15086
12772
9728
22049
6678
9246
19326
28518
13893
2003
9941
15419
23674
29528
15644
5416
2987
4124
24339
24767
17846
30671
8630
31193
27802
27850
17682
19234
32743
29099
32088
17368
20083
1087
21040
2511
28751
32678
2127
3257
7417
27057
18764
24228
12755
12175
32175
30148
31956
5545
3404
15219
8062
24266
31183
3190
7696
28291
1943
3714
28412
27342
26824
32510
7835
8433
7835
24331
23328
12709
1273
8386
31947
18552
15433
14780
24159
25200
25990
16088
6613
26609
25748
27960
32082
7648
7380
17549
19543
12809
23542
5781
8503
26302
26382
12258
719
8641
24042
32220
625
25189
26787
22025
30241
25327
25459
17036
8964
26946
31942
30700
27669
2748
31124
22551
22810
26459
5101
9895
2519
8228
10198
21091
27009
3269
8787
30729
13941
29817
26309
587
12842
20012
7798
2839
3428
19424
9843
25115
25771
13647
3994
23689
24828
21969
25843
21015
20670
385
11332
27467
19703
30107
21727
9461
16064
6185
2239
11517
22775
23263
5075
31838
23091
17731
21914
21107
11005
27153
28912
30066
11325
19421
11816
23606
18930
29946
17242
9537
9766
18075
30462
32513
28706
17208
20666
25938
15326
22579
19577
22597
28091
27324
17341
28703
3700
11250
310
29349
6994
30794
12947
19863
9888
17973
11416
6779
23647
26621
13681
3995
16187
9456
18758
593
12733
28097
3343
24194
8129
12331
25514
14185
23595
3543
22826
21910
1750
31360
22643
26166
3789
1365
24324
12180
9406
20895
8979
28384
12715
675
24543
17200
9699
7882
15426
18884
13361
11775
32645
20366
19795
5977
2169
15345
28589
506
15043
6346
7999
15671
22136
23469
6613
29689
28138
21617
7037
12130
28097
25838
18238
27828
27469
26117
2055
19055
11546
24033
32230
4282
8645
27517
19322
6404
14607
2918
22443
22763
21296
6595
22424
5213
14958
13714
13521
31485
23277
26932
9159
13512
11465
15404
32385
8696
1122
4644
14224
21032
15607
31536
31044
30394
29047
22871
17696
21622
14227
32592
10124
30835
4376
11401
21450
13371
1916
2670
15403
9514
9654
3815
31363
19223
17491
26658
7386
29239
23495
21908
10852
29757
20737
4666
29876
5318
28738
13349
2348
31989
2606
9525
22200
6746
26404
6437
23484
25881
1227
9415
28746
20808
20973
23185
153
28568
23689
4185
19378
312
9763
12893
31341
758
4703
18310
8860
29608
9166
2798
2694
22986
31496
16031
16535
19560
19451
7070
23381
831
15746
808
30102
12831
26426
21819
15088
13203
24977
4184
6258
18116
7199
7816
26001
25755
28218
29597
6501
28710
5572
24762
24598
17981
6216
16661
9361
28773
14917
25596
25215
32500
202
22550
21623
20086
28995
31724
21106
15440
915
30631
29824
3747
31331
1051
19898
4979
5561
8965
21368
15113
21452
11409
17604
12693
13335
22048
9742
15384
12460
5703
9505
23681
25035
2587
31061
278
32691
16300
5126
17174
14008
2511
13638
30877
406
16673
14543
7623
32261
5704
12091
22808
28557
22908
6008
7964
25756
23367
19574
14666
12758
19080
31522
13358
14252
13246
13464
30920
9776
1411
28820
5423
13095
15959
5162
30841
30304
10143
20664
9695
24645
16877
28440
8989
32432
18050
23322
9752
1024
25106
817
17859
17515
3271
24684
12867
7574
9096
15016
14418
31842
9850
32005
5089
29961
16583
11926
22017
8555
32159
25437
25091
14754
20093
14710
17886
6876
18092
13970
29138
12394
12297
6567
4939
29460
23818
29926
5896
29360
23551
9198
5756
7667
28568
29247
13429
15494
28840
1521
11515
20316
32040
25254
7291
19268
6271
6333
16933
25018
8449
29896
16786
19459
16053
17216
10154
19577
12123
31864
14021
23075
5037
27856
15888
10888
8678
11563
51
3525
24961
32675
27952
20702
21571
25723
13198
6738
12411
31572
27832
29938
4233
1188
26784
31986
15261
5989
23719
25409
27585
24330
31169
15126
13594
30135
11732
17868
29290
11953
5218
12527
23258
25876
23144
31383
9463
8900
6534
28660
23290
13221
28255
31275
17484
30991
20035
11616
2121
4476
24588
19988
28229
10372
23621
16562
24268
780
14482
5988
2606
7098
8779
12843
22587
25516
3179
9519
1356
31593
21673
22868
4227
30743
17380
6925
24403
2287
28100
2933
14914
4335
13215
10140
1773
2254
28313
23070
25421
15669
1296
19195
1594
15660
28471
24994
2349
3283
28416
11599
32586
28754
32576
10135
32158
25362
15886
1346
30885
3886
22123
2392
6927
22820
11561
3710
31171
21457
21765
14979
18725
12444
3607
4151
30612
32753
21612
21372
20791
22001
16881
29599
4346
10087
18322
28648
723
29438
420
27247
6986
2738
11136
23858
10296
4485
30321
9573
32463
371
18385
22793
19162
19879
8814
6848
25414
29935
16179
24544
18402
6254
6404
23750
11363
27281
28649
2925
13483
2628
1903
63
17995
7781
9291
298
4934
17784
3393
4855
16920
11677
4932
28887
22262
26816
25823
8767
16984
20752
12499
8950
14517
4530
23554
20845
14221
10166
20107
5966
23469
28490
7223
87
27823
4397
3092
13161
16832
25703
17247
476
25510
6200
6055
278
4097
14926
19504
25180
464
27962
16022
31975
9016
25381
18098
15931
3201
28863
19905
29876
29794
19577
24771
10338
30078
19956
16930
30231
19758
16825
16020
8381
30593
9514
18754
19693
19585
24249
9002
6846
696
18007
4546
4571
15091
4655
26846
5081
31046
31637
27603
18631
12112
12345
18909
14854
15296
25505
14782
3931
792
5334
30888
8770
1458
23645
12381
23429
5888
22120
2197
3854
6679
32078
26528
18937
26479
2105
9804
18158
16356
8734
15113
31918
28929
3315
8267
31467
3710
1308
31280
2397
25863
31014
16227
15634
2624
27063
26944
30726
11781
1477
28473
1779
4342
22279
4472
20842
17459
4777
14021
20515
5732
25156
25003
15762
20989
14605
214
13498
12480
2381
7872
12870
10371
28177
13453
11222
30003
7458
9267
12695
1049
13623
7645
19990
9308
15466
29842
6230
8391
25321
9745
11296
9933
24046
6656
31898
7882
28401
23622
13595
22924
27420
22198
7230
14098
22271
19949
11573
10899
27269
9597
23392
16323
4390
12107
13342
1361
14943
2613
21220
180
3679
21496
23436
3879
23300
12881
28399
22514
19717
30563
19893
13292
18801
25945
7532
11838
31576
21836
984
617
27079
17767
3210
15243
10746
4681
3252
22750
462
24490
31036
7041
3701
29762
25359
24955
17261
3302
3512
12797
21939
27381
21553
24295
26420
8690
20473
24462
1668
26738
30310
18620
22226
28729
8253
1529
29724
2464
12160
14345
26527
5690
18311
23734
16530
3766
19282
9168
9491
8199
5662
5489
28514
9155
8758
28037
11085
30665
4620
20618
2027
31015
20360
15765
4493
9787
13728
24982
18418
11288
30761
12252
25786
25386
15853
25564
26141
32542
8445
20526
12765
30204
2377
7896
25721
25238
5485
26319
8356
26150
1486
15035
29429
19763
24038
5371
7648
31668
12252
17641
25061
25720
18008
16735
5639
4037
8341
1146
9344
30016
29880
21661
16307
11532
11360
7865
25442
15414
3966
17868
30241
81
4455
2984
7947
32349
29735
30454
9139
6382
13848
23162
25182
29066
32180
24985
15471
31058
30632
17944
1314
29924
23337
4902
18557
30593
2187
6557
32388
6507
30224
31109
32429
28049
24318
25818
18323
31342
26868
32654
28398
14895
13181
210
19907
26132
1510
31122
15576
4376
3917
25662
30059
21972
27899
25040
27171
7073
27380
18443
11335
14077
13003
25856
12590
26928
23739
7127
3063
815
5876
16076
28538
12224
22323
19064
3197
10463
19093
26194
8236
23648
30637
20085
18115
17367
18132
2724
26254
29621
25792
5771
18195
9651
13145
24391
10382
17012
15559
14889
28573
11877
23760
14519
14653
24041
5217
32244
27381
29875
15210
30946
4945
29810
1263
10308
11922
16052
2397
19368
9124
28164
19226
9637
3408
19030
26975
13154
9139
23718
30026
32087
23023
26075
7471
25944
1056
15601
8752
5583
6546
22615
19469
30281
26417
1686
20285
18740
17984
6708
22845
22246
11086
3288
14120
18914
8550
23982
19080
8279
1415
12045
16491
22250
5715
26456
16058
12469
11275
22818
31687
16528
11451
13973
29733
6031
4274
21524
12988
15564
2869
32287
24348
21094
11125
26231
1554
3017
2494
27779
20601
22832
21744
17651
7251
27753
21555
17571
11289
31448
12519
21186
24655
24767
7386
17971
12122
2493
10430
12851
20374
17044
24282
26173
18340
22575
30207
9514
22785
10211
12478
22429
30941
1269
15576
15774
19242
5980
9974
25477
21491
6089
13978
24090
21231
3301
18006
4602
32086
28121
27708
2621
2547
19988
1685
8789
17275
30280
214
1849
5405
3766
25807
21444
17754
16044
3110
19543
21271
25932
1540
32198
10480
20366
1294
17266
6864
3977
27031
30898
25022
22766
15379
22904
2554
1749
11215
22065
1865
11964
26080
24300
25485
25804
22618
27071
15256
5471
13762
14438
32322
6080
19653
8494
8633
24113
2089
24338
17177
26419
11013
11555
25661
21505
7469
12589
15316
18526
23537
31127
19383
30608
25351
4747
12666
685
8645
30295
25920
3093
20627
23827
23252
9280
15009
12164
14582
29626
20437
8513
6899
18027
4872
13844
4217
23580
14449
13987
20392
8759
2145
22608
19820
15054
23089
7261
12299
29919
15225
10836
20474
6615
6019
10662
15093
13396
29440
24210
27982
13359
4089
3656
13702
5050
3592
28239
30234
25158
23239
8996
14751
22505
1673
4644
19729
22142
20808
2731
21609
31724
991
2686
3437
10668
27001
8550
13516
9605
32074
14366
16746
14234
8317
15983
27129
27047
27757
1178
10441
19336
29975
17398
12769
24827
4048
6874
3918
7334
29235
32701
22459
3164
15710
28572
13122
6812
18782
23453
8834
2394
17639
6641
15346
2562
32072
24062
21364
5819
25247
31678
16430
28905
7241
31330
13461
26869
16797
14908
23754
21328
2778
12763
14122
20149
3677
1656
23329
16303
24088
913
8766
9564
6463
13779
26509
11120
17988
11581
20769
7548
2310
10883
22512
8049
2374
15280
484
20320
7514
3088
558
13443
3365
27469
13278
8065
326
20440
8880
24558
29328
22666
5673
29457
11706
4492
21219
4075
16216
116
1574
13428
23562
15280
4023
6184
6388
4392
7669
10178
2158
31
20513
28232
3836
2650
21246
3911
1152
8325
11162
13920
30126
11730
9323
8195
6593
1763
4253
8059
20588
16362
22955
17963
15380
11791
2861
4119
19516
6162
20721
14758
19521
23089
6988
8870
19015
332
23986
25232
27251
8519
7045
29197
31323
27312
14123
3514
22714
17313
14179
13864
1385
26600
30425
28968
28042
21606
29176
12357
18438
437
9983
145
5691
12814
15447
26533
7406
22121
24868
4579
27015
20197
7194
13822
14205
2667
31889
20925
18959
18830
25052
9211
3637
2230
19671
2035
6358
21886
28608
5562
21819
4954
28744
11277
30660
29565
4073
18253
2265
9210
11897
18888
7204
31273
23296
6458
2045
7244
26311
13716
12582
28274
11953
11515
16057
18076
3790
4372
19038
11295
13358
20863
24769
9801
16627
8097
26180
24135
30378
16295
13297
6214
23260
27335
178
18393
2527
9929
27332
17307
11250
14023
13673
23573
16522
2353
3805
23010
13286
18195
29324
10000
29417
26779
31618
10186
28969
29398
15139
1588
21828
17082
26652
30103
16243
2409
31129
12478
24161
23988
697
14240
17981
1758
25150
4159
15885
25763
6794
3791
30534
6265
26055
26907
25498
21526
23141
6437
7442
28978
13257
21260
5212
13966
4931
4659
31078
28213
19777
416
4652
12546
5827
17314
29646
2914
9999
23735
20965
24411
8614
17836
22551
10190
23670
26886
16873
249
22097
4001
9429
6719
29086
151
8349
29996
18255
22627
27102
5556
9747
23367
25320
1979
4556
18155
14029
24027
22339
26438
10936
3425
2074
29377
6528
19352
29443
29082
19837
20555
27696
13447
11419
8581
31243
7837
27308
19611
14886
18031
13827
12396
4725
12922
4670
15592
699
13505
21859
19407
10818
10676
31535
30395
21967
7766
17066
3681
10709
8607
18943
5908
15593
17695
7307
28299
13942
4325
26420
32483
17842
28319
18172
8935
1232
20483
26069
8080
7288
5229
22968
22216
15220
29129
31217
6003
13996
25779
7869
11952
25940
27613
32534
7772
3428
4785
8398
7385
29768
3896
3803
16909
26585
30523
18930
1453
21389
20648
10071
29371
13802
310
4595
13389
2625
24908
24999
24465
31384
30240
15584
7950
28136
5916
14443
9004
18057
645
10635
31735
25834
9566
24137
16416
17029
6794
12300
9540
14610
9522
9321
28017
18939
10854
4156
19943
31249
28167
28920
13083
5501
5860
28731
1538
28665
15907
17830
22155
30016
3555
27371
3950
7618
13087
22055
5924
7069
9941
11891
566
21449
4712
11957
15035
30610
21316
10941
16668
21068
25024
27277
27163
8002
8008
20471
15892
31727
20411
31342
23938
19057
16914
23830
3780
6202
27715
31517
22818
23817
32356
15950
20747
9752
12564
7139
31136
407
21271
31643
24439
15962
23104
5389
20632
21455
31636
14140
21964
1586
3756
11883
20760
6916
16475
15411
25988
12729
22673
21970
3104
5297
6015
7366
31305
5737
28156
17819
15657
20211
5416
24833
11901
19875
18767
15137
9883
4876
11280
17713
4019
26410
4542
15686
15957
24545
15878
2154
13107
11174
21458
29423
10793
29821
31854
19203
6778
28451
2537
2436
3165
27276
6335
32021
26552
29584
29876
11121
8235
24801
17667
23807
25168
23360
17336
1703
9793
13808
1115
1509
19291
11115
3534
25371
8514
21077
19320
3628
549
24238
6564
18758
25156
843
28963
13823
30895
1927
30265
14500
25936
25910
28343
9677
30763
730
25444
28213
32229
24090
28833
15561
13699
14959
2637
15103
21365
10273
14055
28521
13779
30578
1522
27274
11750
27672
17822
13800
746
17649
15268
14690
4626
27635
25970
2756
12237
25186
904
23449
11848
15685
29730
31041
11572
17946
8471
4931
5833
5065
1281
15332
28171
12247
2974
22264
21068
7132
20854
27384
23538
19255
1726
2133
13946
25856
31101
15116
7101
25150
2797
14971
5234
23642
5156
19314
8693
8148
32243
2190
13639
22325
4111
1218
5973
25157
15214
31799
9853
11645
25588
1878
3406
7615
27983
1059
22159
25669
3872
10700
643
20184
13403
31361
364
26690
27120
1927
14158
32005
8363
15240
27893
22605
18008
7982
21049
19748
31276
19440
30081
24549
24672
299
21638
9203
22815
3956
27226
8618
7842
3629
24232
22678
3738
3926
14909
12771
8910
17830
17607
30485
23813
20698
28637
8442
10790
9294
29504
4828
158
15306
32353
5626
15874
4766
8995
10554
2037
4337
24033
31000
13389
25430
24243
5090
31857
28832
30701
11815
5
25080
21993
2925
23242
28972
25607
24354
20927
29002
753
14805
23437
17774
29732
22182
2081
14808
7852
23803
2971
29505
4398
27253
28775
26735
25900
31011
13481
6664
26501
30197
22239
31908
10811
7027
5570
18725
25465
25774
26476
10059
15829
11383
27584
26243
32210
19664
24071
14592
8361
21152
18903
9485
22601
6571
1849
8354
2204
25792
16906
2869
10764
17972
4258
31186
13638
27792
23988
2414
31805
10119
10613
11129
5234
14635
26113
8370
13940
18272
29434
5695
13986
400
31858
6397
31544
20128
16651
21269
5002
5923
860
18384
21642
32718
10903
428
7824
10284
22121
26287
12379
16787
27170
9979
11091
4695
21270
31139
11536
14653
3651
7101
8736
17715
12596
17848
13829
30014
31269
2800
1150
13491
11111
22400
28680
10154
13830
87
16803
23472
30634
6543
30169
28860
4027
1786
23293
20069
4040
31485
25777
14673
2858
22433
22698
23793
18916
9703
14520
7531
8910
5980
3584
17880
16627
17902
31116
26288
22583
9726
11783
30850
3389
24246
14017
5865
5255
31901
12282
26555
19679
12904
21596
643
22774
7188
969
27698
31820
14385
10071
31505
16207
2945
5785
14074
7879
8897
25121
2504
19057
26311
10050
21516
14058
30413
20763
14850
1743
32013
27344
15555
3875
12686
26395
29627
31473
32573
260
31326
21042
32575
6636
26135
26608
16006
14544
22657
29612
418
3788
474
23038
31450
9438
10165
26747
9852
5869
1006
2267
16753
10
4067
12124
3604
31733
4065
2145
23365
25059
29405
10591
440
7294
23141
18681
19347
17198
24278
17002
31289
22679
25550
26660
24160
21091
4324
27062
13930
20033
17047
20723
18162
6189
1925
23121
24997
26099
32222
11407
20051
27630
9495
13211
19013
12054
30691
8882
4562
14394
25183
25033
10285
3209
26764
27180
20865
3927
4355
22117
29504
12574
26596
10591
20152
4035
11792
4299
18919
27675
2200
9923
14992
6318
17525
30381
26510
17851
633
18787
13417
20092
24453
31889
11047
27562
27901
26974
22628
28484
3449
7758
11685
28045
2493
28774
24042
30548
29164
10130
26754
18807
7928
19013
17955
5546
26717
19551
27706
18549
25103
9555
6784
28796
14000
4489
9934
11011
29191
769
15154
14769
20398
1338
14914
9620
25098
6226
15792
4966
9600
18286
25375
11535
21478
32348
23349
17514
3128
25207
28402
4940
8845
13003
28480
15555
11337
29562
17099
29595
7315
26719
1554
27175
1290
8944
29119
28478
20147
10089
31539
23683
32566
27943
25446
14825
24139
15953
10222
14967
3951
15038
2653
30281
29659
531
8656
1496
26806
18732
10949
25211
13706
24254
2349
12333
16117
25402
12483
21648
20897
14324
26523
32562
6517
27012
5886
1807
6413
6508
7797
16728
13672
11004
23844
13683
10721
14195
25945
21059
30817
3431
3685
2217
10706
16231
22699
28491
29399
1502
22518
21396
4282
30778
6160
23548
29350
24910
12176
8073
790
13045
29939
22165
9613
23801
2542
2259
15496
2867
12547
23693
19376
3827
8531
27439
2645
30626
19635
16137
31256
7845
19457
24145
21991
10885
26041
1895
27951
19789
25283
605
16204
16948
9615
11191
27461
20092
14180
7279
18358
18842
16373
4925
14093
28823
6966
789
3065
2230
365
27376
4640
5463
30092
23247
3857
9499
28094
18941
20345
31305
27200
8853
5273
4721
28274
9797
30199
20815
4142
4177
2900
21233
4440
6363
29407
10524
14262
15713
1960
2029
22274
29319
23639
9660
16702
8983
19998
21061
4424
8262
17388
2314
942
26425
28132
755
20931
24519
6413
2872
17139
30849
27467
7040
26707
17391
7054
843
13948
31517
31305
7821
29082
2390
24102
24475
8128
1328
18680
12363
30079
15049
22768
28247
28854
11087
23061
1795
5547
9670
3054
30208
603
23813
28545
11151
19471
7938
12674
7658
23344
4432
1220
2527
14684
5862
243
9918
1465
17186
22917
20853
906
32270
238
29434
30464
15841
3091
9705
17490
31177
27138
24431
1296
14823
17376
8038
1972
26779
6434
27585
28026
18691
27649
6955
23153
14014
4647
13035
27602
4854
32175
23563
26769
669
4684
13241
24627
25078
23240
31469
11231
4440
12977
26956
1463
32559
14415
10061
10857
4931
6872
13210
14592
24381
6375
14265
17665
14439
17195
4075
20147
7859
22364
2644
5566
5375
18292
8541
31223
20119
16667
13655
24187
22011
18787
2401
17147
4323
16565
1931
1878
17793
25356
4155
3437
1286
6240
22736
11571
8039
10598
7558
12035
1121
11382
10905
16439
13755
16076
174
5622
11979
24052
6254
12877
25915
30080
2420
32641
18189
29948
6249
13732
23005
548
28781
15975
24422
6996
3001
2863
9032
15935
3971
4459
22025
26340
7970
24868
6489
31422
27251
2517
8602
29755
31611
16766
4255
25200
1870
500
28084
4363
17967
4219
24287
27785
5880
9110
1894
30377
29117
6942
12177
24352
28076
32402
6577
5262
24119
13742
10337
25009
19318
12095
14860
27352
18886
27189
23984
8091
29879
5370
17633
29898
4389
14082
5904
31395
6820
6308
2573
9032
16418
23848
25547
19824
5063
801
18788
26460
29216
16125
32604
15885
25725
25562
32554
19636
663
20123
1524
8298
6006
1851
155
9249
3474
3170
30967
26842
26169
32054
26724
15897
16432
5492
4989
11926
12701
12223
21287
13622
31012
16952
28370
15929
19025
2382
27643
18613
14646
21720
30453
15427
2389
11105
18666
18168
25536
14274
12061
22423
14462
13559
6001
2052
20273
19499
17967
3068
19190
6421
6404
30724
9613
18567
31561
29855
26042
1348
28551
12740
5354
10003
21051
11919
14362
22545
14806
10551
20469
9291
6152
19264
9276
10124
62
26098
24171
19828
14186
21257
14234
22474
28930
19886
15777
7955
23883
22438
29567
16740
27863
32458
20733
13172
27980
5815
25998
26613
25448
15046
8826
293
17986
11327
4155
16544
32723
24777
29479
10616
22196
21797
9040
2183
9513
30748
7081
22276
351
16822
1130
11093
15090
19117
15541
11300
20914
30753
10105
14773
18855
3981
16279
16759
83
18170
14147
28633
26422
9587
9901
13406
18328
18360
3553
19444
29570
23863
11756
17794
2062
28983
32065
13504
9440
21591
15195
1867
15605
14903
26531
12281
25756
24437
8083
7273
16577
19419
10268
10463
31601
1238
9797
1615
24987
17450
19222
18104
3604
1765
30388
948
17886
2193
5837
21324
27050
32430
17462
32528
8347
10336
25555
12648
8269
1636
20152
3365
13846
20296
17805
25435
30092
29660
13111
31603
12359
18404
693
8572
6888
8975
3143
28354
17241
3629
24022
162
15447
20636
25232
4508
8750
29187
11731
10410
23748
1091
27980
21200
17113
18859
18016
6901
653
2924
8906
13297
29475
13388
12422
2279
13316
926
6382
10197
15623
27761
13092
14953
17391
29960
13743
279
6966
10890
11113
1128
28169
31995
12184
28821
32147
5995
13659
20308
17278
2157
24136
5106
7607
20171
9299
11682
26482
7800
23281
5141
9071
29126
19326
586
7035
15065
28892
21416
6457
18780
5726
14154
7202
14450
24036
11674
12491
30960
28999
1057
19814
19401
25335
17309
22412
16586
482
17492
14138
3463
9368
23721
6937
20629
12205
24045
20994
5369
23391
21367
24001
10721
31865
14327
8985
8850
21624
5383
23305
4770
11499
16643
10574
23143
16928
12059
31785
6063
16636
1446
6498
3761
23595
28345
31885
8004
15482
22265
27276
6735
20608
3757
24149
2945
16260
280
13046
19266
923
30213
11990
27881
28433
4515
21565
23855
8458
1683
6934
17635
11625
11840
30708
992
31729
31599
21588
22589
8874
31511
23586
1475
16263
22386
17534
4516
5445
4436
28607
26217
28566
25532
4792
29741
4735
1448
16187
8457
14591
15918
30684
7631
26353
32457
12535
29435
4659
30705
25333
23014
26376
23534
4554
13885
11195
17389
28098
17330
1926
27476
29054
19441
12465
13651
8505
30934
17918
12475
20305
5853
22341
3604
2562
23514
24924
15338
5748
1514
16697
7527
7416
26281
25179
3879
27278
11941
11366
11847
27564
3347
29709
5567
17466
30657
29492
1522
10465
12108
3158
10884
23941
21395
23845
29292
32016
7275
25713
11850
28274
2709
16203
26874
10982
9453
16746
11881
14710
5603
27854
13479
961
15663
3234
6974
26620
2497
30567
13507
11319
12279
15439
3754
14049
4115
16359
11102
12431
24812
3065
8850
29433
29412
22193
7121
26949
7961
1278
22365
17801
14048
11323
14646
12171
1903
22287
2681
20683
17881
4498
25835
25027
30528
177
31958
7277
10565
2259
15636
14342
3780
18365
26985
21010
21695
26034
15126
26784
17303
479
11178
18895
130
15863
25116
7313
825
11547
30231
26287
5105
10748
32149
13325
25997
22595
6319
17200
8210
21809
28595
23293
28507
23426
22392
11715
27150
24216
4078
28028
25806
24789
20729
30032
1458
2377
6528
11355
11254
15501
29889
1456
32753
15598
10727
16798
16199
5582
2526
21554
6496
22088
20326
5372
12313
24339
17766
7190
4281
18345
10115
28771
14630
7848
28914
27413
32089
2424
3466
29810
24847
1838
8478
32215
14785
23216
22793
23805
11479
24602
31754
27771
24089
20833
11347
5516
25190
15927
4060
10003
19112
15150
21245
7644
23303
3103
14652
16933
16989
19917
12388
15965
26090
25286
6615
4907
5450
10122
15908
3250
15011
12783
7900
7444
23331
8132
6818
16436
31658
14517
6018
19649
15811
26478
10116
22128
18649
19972
23424
1416
21416
31120
14387
1956
25073
31005
403
32180
2674
23492
20576
2886
22805
23061
9724
27396
8552
11961
29308
11389
21837
25174
16639
32552
13299
3763
32318
11941
25860
23837
3429
13383
21536
17417
7970
464
24715
18426
32507
27003
13602
17317
19172
18240
23700
31571
18705
20307
26062
32648
20489
9710
11447
8930
29948
9296
6942
1859
29782
28422
30192
1587
2196
16745
2735
30847
9046
4712
20767
8486
15542
30343
21827
16246
11481
25384
32135
3187
17347
14089
319
10104
4976
11279
9040
13857
8224
5698
1325
15207
27378
5144
9734
27149
2740
5110
25148
30268
18170
21236
1815
10858
26989
14561
20155
17280
14694
13703
22616
22587
21948
815
28834
20434
24794
29288
16001
11226
13076
8965
10249
10599
1851
20069
940
32117
21870
1783
27054
12422
20532
4348
14810
23948
14280
14479
10612
22536
30644
18659
28014
32116
17057
2253
21726
13791
8302
24706
26544
26583
8831
3233
23960
25483
12888
628
331
2353
11882
26995
21487
11942
18732
19977
1232
2132
24174
29083
4436
6489
13035
23495
8497
28390
21021
4329
29405
10980
32341
4580
27719
8670
26378
2335
9156
4123
6513
18637
30028
10762
24399
32370
30694
3044
12
16290
26465
19596
6152
21516
22085
14266
31282
24760
15369
29528
20438
22669
13190
5164
27318
22038
32172
26040
32093
17030
7284
26974
11696
28153
6677
20680
13766
31996
20603
30599
1785
20304
17653
8186
9021
17387
27694
30578
8369
32320
27230
9619
2932
4288
9153
27390
6586
12449
12617
4909
26143
22238
3472
15773
9275
29311
3600
16947
886
4122
31894
13529
13341
6810
25844
19560
17078
6463
27382
12490
15761
3814
15512
29792
22688
24203
29814
15521
904
22796
132
24068
9720
22575
24831
28448
30266
2791
21412
5906
7688
22227
16159
6944
8608
29448
29382
28572
15643
8208
3719
20490
11258
8498
10015
8837
3842
23284
31373
10846
25674
15071
18631
19975
17810
19586
9387
29743
24790
8122
20792
15407
24355
25648
32510
5541
11690
24098
32211
31582
23827
6247
14024
21882
2835
30637
604
18122
2625
4870
12015
27005
15397
30115
19321
16124
20882
11742
2683
22290
25910
19838
20790
29264
9328
16183
18204
9136
31329
5489
31108
13688
28998
13899
26529
21857
15877
2270
2741
19449
10757
1990
11906
17222
20291
23775
11777
24748
23203
27212
26711
13840
18564
25790
517
20030
20374
25330
18015
22664
28144
1660
15679
14256
19549
8644
18682
30729
27639
32590
24723
28888
20984
11838
14895
5376
9676
30747
31177
14047
30059
25555
14375
17267
5093
27135
30221
14529
17982
15977
20400
23415
12925
21195
1133
28624
17664
30426
9915
31160
18
14723
2143
18481
27072
28533
14047
20469
3048
735
7224
6492
14994
28795
6099
17793
5251
5579
9142
28320
29200
13475
23032
26563
13873
20455
28279
8094
13782
17814
28877
10935
10622
18951
27263
14538
23813
10355
11640
31083
4541
27828
26294
13293
18113
23116
18756
5763
23430
21673
25960
165
16563
7336
29
19637
11059
1879
32451
23779
32136
4607
15126
28494
23394
30562
21341
32107
7024
10817
19171
10923
2934
22817
3755
1624
15008
24399
12896
9408
15894
18210
31115
21398
9168
16768
265
28053
1964
13987
7355
4454
32445
21533
15743
16324
19686
15386
29535
9438
6312
14822
24585
4349
4409
8111
11647
25702
15062
12683
23824
29314
21849
16829
647
8252
4366
25140
16290
16811
1475
20308
5062
31473
8222
30713
21488
10339
31028
18105
24303
4586
19542
4202
25041
28072
32558
19428
16539
30175
28684
30472
30525
5647
32378
19714
1732
29535
534
12746
17106
21566
9121
30449
4939
11082
19539
23962
32338
18801
8049
31175
3700
31574
12834
23254
26914
5622
30079
7499
10597
13963
1769
18895
21197
14769
23199
9593
28843
11719
29839
22349
13695
17560
9069
1794
11956
2106
29187
22793
24715
22327
17096
27594
24150
27627
18867
14897
13030
29485
22609
1897
11590
30258
12310
14311
26026
7085
20209
15275
3746
1083
27170
28098
26259
17919
2896
3344
23912
19337
982
12876
17029
6653
10847
26444
3836
17009
5810
17283
8196
662
20431
12744
30119
22683
8250
17240
18874
3662
1175
13343
4882
32645
26743
1075
18677
8124
9586
19106
31439
767
30838
9581
4134
28171
24926
27348
17616
12720
8390
32724
13668
21881
18462
30703
4078
21903
4094
25131
15591
30683
26809
26461
5220
31851
31029
7591
29581
11543
32762
13632
18001
4196
19080
25203
22872
17320
14062
10475
2105
16495
29592
27693
7150
4382
29033
26982
28037
14550
15370
32359
8471
21147
11393
25070
3326
11190
10757
12583
8515
23895
27920
30322
25430
10623
30903
3431
20994
7965
15927
2071
17823
18808
7888
31125
8330
28364
16342
18870
25554
8760
25861
30228
31796
11479
17685
25689
23370
4654
3214
10682
12543
13254
734
27585
22854
22553
1448
15952
21004
6323
20064
8931
19818
31633
13845
3349
13344
15309
27533
4198
11327
1405
20375
6971
30757
10456
27549
25382
16814
2202
13945
26216
9641
18346
7049
9908
5001
31226
30726
310
21853
23727
657
18388
21507
22915
20751
32692
27544
22887
28855
26878
25650
10860
17513
13283
25298
31971
7490
1758
26260
15299
16749
14905
9769
17484
21820
27860
24967
16618
23159
22050
31711
11100
14836
31092
29136
14869
2919
7802
32730
15587
3964
13062
3349
11470
4131
31252
11811
29507
6955
11272
21603
11378
19219
27702
32103
26868
4637
14247
30377
12977
15267
12570
2425
22785
6062
28234
9018
18449
1221
10863
19918
28553
19459
519
3151
31851
877
7126
28672
27198
27266
25388
31107
12141
29971
14182
6732
2282
30804
13495
27221
10518
11828
31273
26131
19941
746
4318
18602
573
24784
22684
22109
3744
28277
7561
11080
23819
29421
15154
25169
21534
21612
28882
10332
28028
25876
19154
4030
2933
29194
17804
14324
20963
18639
3412
7574
1617
9934
32697
9862
15203
18225
21000
15981
19314
761
274
5992
26230
14158
28207
25342
14121
26131
19843
5974
25449
17598
18816
5286
27614
11623
32684
16111
11998
9758
15013
24552
4749
29314
3426
25911
6729
25488
13243
20199
27461
22968
23596
25111
1139
11574
16086
29679
11688
28831
9670
24793
25083
16826
19066
1005
14702
7314
11425
17068
5584
25801
17955
242
5857
6447
16481
4390
6584
26003
3774
29876
18274
1754
4702
189
30412
13646
11054
15117
26082
2360
23076
845
3577
3504
22728
23673
5994
30132
18931
27285
12416
10104
26582
30876
19349
4605
21311
6842
2167
229
26648
16570
19729
25222
15152
19650
20807
13373
9535
574
8737
2308
32548
24858
24620
24135
29552
16692
15645
13044
2344
16913
31928
5330
19399
25295
31984
6163
13443
22106
2384
27948
14545
26595
32153
2276
8747
910
31661
4779
4881
14187
14507
3374
23886
16552
9564
27944
3452
30981
30158
4731
20426
14471
19518
22399
4605
32625
2875
10906
1717
31856
4873
26129
28146
17174
28228
23069
18134
18057
12741
15682
20141
27773
5066
30428
28970
19551
32336
30715
3571
28371
8388
5744
14177
8545
17627
7720
20096
12907
27327
3257
8286
10595
28779
11067
26754
20283
18520
31321
23738
6940
857
9383
9754
22362
12739
27447
27457
4776
24530
16487
20446
12680
12616
1276
3443
13318
24663
7029
2393
934
9153
17817
3077
23963
16446
83
32137
11577
18718
20927
19293
27309
21551
15749
23392
20972
9441
21350
12314
1513
4776
3092
8772
29707
11938
26695
21386
3038
27770
1549
16015
7945
21132
8289
2098
32128
30026
11520
30224
8698
16862
3192
11849
678
23569
130
9352
23065
4971
23697
22589
31883
13211
9387
18477
3396
13338
3704
16173
10321
2828
6297
24106
21627
10087
11322
1901
20858
22102
31979
3869
5733
6112
6827
21766
5229
9925
27206
11160
4555
14248
30690
12339
12535
13171
22484
30882
30747
28920
2488
14821
27847
12756
4544
19507
6118
26265
15436
12351
1521
32300
16315
31163
5986
17515
12417
17178
13676
5139
31610
3739
16105
24545
23167
14467
16788
22264
30518
24233
21368
10371
12334
24888
8360
10907
13355
24753
305
26731
26558
23855
11085
23442
18713
23279
21977
21704
17954
12303
24329
22469
14534
24470
19291
28255
32144
9653
12489
14066
22650
6477
25155
12804
7171
1712
28508
4905
18049
26540
19524
6437
2489
7366
13814
12625
28845
19395
9906
27200
6069
1901
28334
31137
10961
9363
17673
22887
7742
24658
25856
16424
21831
15251
2916
30915
11102
12245
26699
23878
4971
8493
22791
30991
16740
12682
32340
5681
4638
22846
725
14873
9571
26810
9666
21873
24132
22425
24027
11076
15792
1249
10400
13155
19270
19589
22979
31752
104
5678
32478
20154
27025
16698
11106
7280
29160
4613
16591
29945
3349
1128
1835
3483
13139
10112
10669
6907
25542
26289
27577
572
8464
25578
10769
9579
7199
18218
31817
20251
328
10051
2683
332
7066
28638
27453
11154
17004
26815
7632
3187
17721
16970
29850
16912
18862
19270
982
19976
20480
13282
26763
4249
20867
501
31674
32520
11641
6794
17884
6467
22567
1180
18060
25286
47
18718
25728
25275
7705
5183
6589
28517
8755
31723
12299
18622
13467
3989
8615
18015
15258
5428
29241
7329
7219
6027
5125
32002
26876
10670
11621
5578
29485
962
21111
13550
29175
23812
1811
4660
13335
9997
7424
1176
4010
3668
16999
9966
1091
25588
21639
12234
17211
21679
19115
157
4680
4403
19801
12320
15441
19357
19917
5110
1153
11836
12710
3469
20379
12183
26334
7749
30605
26545
29695
1748
32071
19083
22676
30185
3277
27627
20958
2575
1931
12380
22473
10964
2282
3958
26142
32043
6432
19295
26106
30480
588
16786
19327
22122
31682
14559
15305
32565
8099
20659
20260
1248
24242
30106
17276
25332
26210
32514
13077
10487
11572
23106
9084
7568
6463
26331
189
7404
29968
26621
22742
13919
9909
12109
27500
19791
23829
25829
25021
16718
10115
4252
17110
24966
11154
18568
30725
12122
27946
10434
30098
13386
23771
30825
23466
28439
8306
8170
9116
7208
18890
21630
11592
23853
28645
7412
16595
1026
24123
5040
22688
1238
20050
2548
18300
21388
24463
28766
3865
12385
16716
10418
31422
10192
17195
9434
21052
18867
16297
30507
14628
23466
5366
14314
3639
2752
8196
25615
24350
24652
28125
6472
17500
32278
5947
21313
14720
26043
31314
3619
17823
20307
18161
29275
2049
21328
4297
28060
32027
27561
23564
23847
4029
4153
22587
11594
19085
29282
15673
4646
15796
7157
32419
15798
27863
30038
18788
14093
22857
30427
32643
14047
31871
2422
9792
11587
18116
23188
31328
21687
30253
10052
7877
30309
22992
17052
6465
17317
21809
23384
4524
26818
14333
17605
1844
15617
15867
18142
28661
13279
19263
14772
30410
29595
14497
28691
19298
13556
17517
13666
14486
20532
31580
25291
29945
7021
11715
20380
25009
32259
17675
8429
11142
23914
3425
15492
569
18225
18350
25333
23063
31808
6090
13581
27597
16734
8941
10353
26238
6390
29286
12163
2067
18970
28303
6277
4051
22728
1536
26625
16179
21356
21763
12904
23791
6567
24904
14585
28249
79
15834
19940
6897
30391
11090
17328
28215
4400
2123
27610
27581
7375
9749
26815
10624
8305
21934
22203
25720
28413
16621
4243
17262
12009
25601
4880
15374
31488
15130
17389
20029
98
30822
8180
2477
15820
22079
5219
4526
18457
22947
1940
4935
14345
6372
21725
24965
9538
23200
16310
11283
21140
8436
8729
1035
28545
29933
23087
8972
4861
1599
15144
10381
21362
29498
1386
16752
8199
19705
10735
28122
16162
11229
23784
22851
5675
26682
15271
30921
7828
19279
2491
25546
11286
19580
18781
6833
26685
11951
13067
12304
10022
4640
20594
2032
31112
20030
16017
8549
8177
10216
23324
7781
17234
14305
24862
32217
5822
5502
14563
15349
18031
6562
32533
19653
22538
19948
1829
9481
24611
23599
23788
17731
12548
4643
2451
31502
26282
19802
8112
19633
29713
25461
21169
17140
5554
23191
7550
1331
19785
1562
15450
31664
19163
23425
32266
27693
26360
5038
12346
17595
4670
27734
11036
2253
24094
7601
16466
5264
739
22646
4366
10879
1775
24582
3960
32562
27464
5351
12112
14198
340
885
2516
3235
19937
19156
30948
2858
7528
28713
28004
8046
11667
29194
1250
25813
4092
12339
8824
27422
10808
31610
3828
26101
30484
25093
25655
31428
27934
3002
18395
8397
11880
15095
14617
18294
25992
17795
30185
14051
29667
6597
15210
24266
21804
9268
25989
1923
23591
10511
12749
6495
11443
26190
10666
28219
5895
4568
30647
24917
14396
2038
11368
4446
1036
15880
13808
2256
7129
19831
3938
16513
5872
10986
27414
12409
8208
23997
23630
25344
3110
19375
17433
15868
20059
27866
1400
30330
27984
31721
17600
25227
23976
30341
13887
7505
26056
528
16418
12633
28378
2198
29590
15659
26392
8704
8494
17952
6471
7563
3205
11636
7553
16249
804
31644
18232
1799
23206
30170
13432
4254
6682
12814
25196
26701
21160
7375
27428
24695
27512
9658
20629
16585
25807
1546
30946
24943
22139
21866
16346
1672
11634
24839
16833
4055
27830
30952
17235
20667
30075
10114
23302
9313
6796
1927
16272
4664
747
11264
24489
5797
8119
20123
10002
25593
14675
14406
5334
12192
22469
6140
1744
24474
2652
15327
24173
11312
21142
24712
25267
2527
13888
2715
898
28569
15583
7838
25114
19757
23631
11019
17118
17923
6314
6307
19544
1036
23404
13574
14204
14073
17876
19329
21809
5035
653
16423
3341
26603
23181
24867
14688
5724
4414
25164
1141
3757
19419
14074
11028
5651
2077
15896
18507
29687
26136
29819
3695
22252
18783
8562
4445
1507
5487
12703
1541
12706
2379
13317
6954
31346
32355
11617
20323
32280
3770
13758
26726
519
26184
5188
28549
3540
17310
19793
22393
2538
27592
22219
12127
13951
5495
26292
1792
3783
3936
4094
26709
27751
9695
8609
2635
32556
3040
31724
8387
27901
19199
20504
28125
11790
32494
32291
30838
31063
24599
1244
3055
21829
24963
14394
25904
8367
26107
12785
12525
10251
20589
12359
16168
6882
29585
22308
4088
30081
9419
1897
7560
13042
30292
16515
1890
23338
23701
16448
750
16772
17107
21729
13621
1902
21265
5488
23019
14178
30002
29780
23469
3097
18783
24610
16775
14331
8616
26294
5561
16601
16110
3715
10683
17374
21760
23079
23422
13763
6660
10818
16373
29507
25881
29065
22228
13775
8250
28438
11160
16514
4453
25346
1991
22871
16125
28982
6777
25242
29550
9854
14615
10396
9231
21472
7523
14251
16204
13355
17592
20033
9732
4050
21651
16252
21552
21243
10323
22990
31942
18900
27709
9718
7389
30502
27075
4655
18961
14636
26886
23975
16425
12453
19353
22578
29175
7720
17544
19008
8576
10680
20889
6413
17245
18584
22993
31511
12641
13664
5434
20693
28796
11857
8676
30118
3551
28134
27178
7432
22369
4523
16438
4106
29474
25426
21192
24324
6766
14340
24370
23429
31716
23029
17576
28301
2263
12347
23734
7932
12788
6368
15634
23627
22309
10550
18068
24954
28342
18538
9603
17481
10167
22620
10002
1195
2977
24750
2090
12408
25404
28700
8554
28514
25279
10251
5229
2858
24889
9828
24139
18452
7985
16802
29538
8600
24713
19242
18518
16218
23977
19419
27734
13916
20441
28391
6305
27250
7405
3809
22857
9207
26152
6423
13111
11711
32347
15137
27504
3916
2893
3770
21399
14149
22111
14287
16306
10787
4208
10454
2353
2350
3327
353
17196
1448
14479
15091
1004
5192
20048
6162
26541
29930
4347
2461
12450
25220
2814
32352
10298
32604
6617
20710
9634
20856
18632
18318
23947
25430
16034
23265
24365
23774
17153
13859
25227
10389
7843
9768
19449
30995
23312
27242
2268
17079
9597
7256
10674
32153
22769
8432
23890
17344
29606
22671
12660
8086
31666
264
15475
7832
5862
32244
5202
31826
23031
31562
14078
31115
4827
7728
18386
13245
4726
14352
18016
4296
14710
12269
8815
4838
19580
5624
20800
10466
21372
5470
18454
20101
2150
14437
32756
4434
6406
12983
26281
19827
16425
9725
24842
14066
31233
5296
17023
812
22474
30508
24001
18051
13998
9991
4833
23124
24038
5280
32397
24361
18467
31483
11919
12079
7212
1484
32662
21738
6344
7633
2105
23079
30686
20325
13625
818
3291
32595
31494
19018
8788
25064
16517
12114
23277
26700
26385
12233
6521
6162
5056
31484
13410
269
7655
13946
30795
17765
18144
26313
15861
26603
7946
20567
5983
21674
15378
25779
22578
22462
9329
4093
32091
30314
5174
31388
14330
24164
32518
4910
8059
24435
29537
29893
20226
9020
17190
32080
29197
5977
5466
10327
1109
15788
17701
492
18677
22259
12829
17886
15565
7068
26056
32559
2089
30426
12891
15304
13214
30712
11976
10348
9269
28142
13304
10475
8908
24882
16213
16536
29368
24528
24204
24316
15279
20413
2193
25804
19174
15208
2019
29977
28534
19603
23057
26311
30212
26977
10365
27200
1953
10160
15968
14185
28655
2728
8206
22486
3717
16020
10108
24890
30613
18161
18943
13345
1996
21189
27478
4833
28538
11059
25067
9421
30963
28747
4182
14765
3637
6183
14371
24939
16843
25651
27093
11279
24305
16588
13866
9709
17656
17165
1185
25629
4588
14565
13114
13612
24693
32621
25469
18961
7419
4985
6333
27491
13837
4206
2974
3785
11268
4435
22229
24753
17379
10282
24879
5701
24962
24448
10453
7066
19692
31299
21454
29227
26373
26068
10693
21383
4464
4701
23309
27718
19887
9573
14562
17217
22412
15009
17138
8451
16056
9997
11804
2938
17331
29244
18551
10738
31723
31212
24214
9541
296
29662
1546
22603
12327
16869
28969
25752
14981
19516
12302
32615
4064
22044
737
2769
25144
142
8537
20291
18843
28543
7038
26926
19201
17682
14260
16128
18037
26426
29173
4948
4213
17287
94
1893
15004
1344
237
8649
20350
29107
13449
11612
1492
24265
27458
1146
11993
30685
1499
7281
25587
17614
12421
25909
14230
10067
15086
20822
28005
17039
12666
6704
32155
230
7120
5218
26538
11278
1177
10369
6178
19305
11908
17421
26067
15506
6798
22179
27190
14902
17280
12149
14601
17701
12985
20216
15162
9128
21037
220
12550
27414
8110
21057
8034
18338
9579
14376
11418
30327
23478
31271
12344
9735
22538
13666
31271
12447
27980
2998
5400
25919
8529
21303
2085
21162
7073
23005
23476
18617
29050
4474
26015
1012
29464
14319
8338
14179
24116
20384
4788
26786
6603
31781
1929
21044
24352
5955
8471
16409
29700
4634
1095
6819
23125
30367
9359
4997
6341
7501
29390
10541
220
27416
29559
29780
5697
11171
32754
29651
31541
23474
14143
19128
1632
30690
25053
9369
26064
9112
19690
13352
29503
15415
24715
8
7572
11414
30094
29151
2989
5297
11854
23469
23644
6558
22231
26460
10159
29123
4171
9368
9589
327
19333
10464
7421
6854
22267
30173
545
14409
1001
6643
25475
16501
9900
16151
3607
11266
30315
7136
2530
8047
4093
31456
21505
19700
8199
19508
31212
12985
30821
30042
31228
2373
5324
21315
3371
30265
21165
8873
15900
22334
24668
17059
29019
14652
10097
1399
17125
20429
13935
943
23787
241
28067
9583
11219
22787
29519
22021
4992
31467
13064
5570
2515
24726
27741
24072
14961
32675
5305
2981
6087
9823
4235
17247
32076
9460
1955
1232
18182
5853
22751
24437
592
24733
28936
32257
7130
13745
2295
31735
12017
15043
3836
14711
23041
6176
16256
8536
15448
4204
12520
5496
300
28565
22205
30032
7136
26117
16394
29388
6531
9244
5382
10585
11162
18909
6131
11071
20511
32487
11590
31025
15049
18087
12040
6178
25486
25805
3964
14683
24167
26108
3842
10443
24659
8390
2363
30110
5534
17111
7534
2321
11619
15984
13867
8068
15952
11288
13358
22480
26793
29838
16517
19676
22927
22273
2550
28011
4995
8067
29083
1592
8230
8636
27343
12869
3906
19419
4686
9584
26382
26066
16535
1351
27054
20675
7061
17437
21498
23221
27519
12894
31104
31372
14077
14879
25036
2104
27276
30969
19175
17708
3875
11288
13597
18706
21527
8847
23555
9917
28732
10734
16569
23903
7757
10519
10605
27132
14477
23885
14880
3358
14255
28046
2733
6347
6387
18467
24071
23220
28563
32373
24258
30383
9565
4898
1237
17767
11937
28240
2206
2898
13645
27714
1830
7140
32599
14889
15271
15619
5211
30012
29259
24250
26246
16394
6199
31537
690
16911
3272
13021
3026
17798
6172
30964
1425
26495
10965
25636
12854
3633
19225
30596
1995
6545
21213
30667
126
548
25444
8384
19015
23057
12802
20209
6603
25722
4646
29096
9345
14092
24728
22811
1555
6613
13310
13539
5383
6486
30373
22191
27294
32474
19838
3386
8700
8966
28775
11130
4746
20144
22444
4123
2457
7669
25294
16683
18248
6533
23683
28695
17063
31298
32765
31190
31004
19210
25455
14180
19718
23760
27598
12914
14241
16626
11733
4700
21034
15814
24651
21851
31299
29046
17288
10748
5528
5903
8758
31952
14531
8660
20309
3685
13677
8920
17793
9590
21430
11468
19320
12639
15063
10773
16855
28883
19718
22818
32292
28881
31387
25340
22289
30676
20592
16414
17919
12619
17805
24456
16834
11592
3077
17423
13988
2172
26907
3063
16300
20579
22697
5827
1312
30652
32707
15692
25672
28476
12951
20497
17525
13955
4503
20430
15682
31055
475
5200
29210
3312
1216
21895
18170
25084
13014
19165
21112
15939
24057
21702
12549
21253
7869
25752
7535
867
20752
5790
29354
28436
17434
12903
31439
5465
8552
1380
12133
9267
20298
19379
20192
18387
21113
6965
27495
3666
29437
1254
22234
13218
10318
24686
4116
27077
4282
30195
5485
28988
30726
31282
16515
5571
12632
4302
3899
25403
18517
18663
32258
9960
19846
18415
22361
4316
16896
5817
7312
2483
26180
17619
27601
4225
28772
22038
1889
13577
28007
11899
25123
560
20975
28721
21854
27825
32281
32748
25535
6673
14501
9087
11682
5078
25943
28333
31373
15092
31388
29244
31741
3976
31345
24908
11622
8392
29313
8423
30069
14650
18317
30169
27800
6949
20497
17602
27840
24902
549
6249
20070
22467
14497
25171
30412
24933
21380
10645
7045
15617
14231
7142
24375
16183
29005
13560
11168
21599
32494
28681
27863
24257
1524
14261
4564
17668
30646
2062
30259
17642
26947
30446
6453
24122
8849
5772
17928
27133
10455
26190
4424
12780
18487
17886
20421
7210
24736
7808
27271
16175
31219
13987
13327
29188
25444
25525
8928
11446
25124
3644
5438
19717
13117
15395
566
4956
25789
5457
15326
27654
18966
5761
9950
22686
4037
26189
2863
3527
12850
139
25123
6430
23511
11229
17830
9069
28325
28036
25795
8994
15523
28533
8554
4863
13273
3247
15216
274
364
30667
11479
2536
28682
12245
6992
5118
1416
14170
766
24440
9162
16834
32381
15893
12516
19168
20515
1891
2686
19656
4229
7471
18557
2017
9789
5184
4832
4411
27371
21829
3815
6946
8570
18955
10107
11251
8613
27379
13514
14126
23737
16548
18226
19661
8092
11773
6496
21204
13838
5709
28089
32042
21295
13255
23288
30631
25409
12848
19481
30318
10928
25051
14199
8317
22095
5847
20785
2178
24805
2151
15569
10224
29160
17586
560
4179
6536
3260
18836
18145
3568
11413
8988
32337
19912
9169
23902
8944
19454
12855
12110
27889
2246
7358
14690
27908
15327
16053
8691
18219
29720
15169
20711
4041
20500
25356
3725
32508
13386
8764
2504
28205
8783
2722
2416
21478
5464
20020
19701
12771
2043
15806
24645
10603
1845
8148
26352
10721
30385
29707
8842
28054
27207
30313
14418
14561
14532
30489
31248
3954
11241
23139
13892
21475
29110
21724
21372
1424
13032
14298
15110
4265
29376
25131
22215
25733
7174
10503
9835
17465
24398
19778
12223
1386
18042
20678
20058
12639
8576
16449
9859
15450
12397
17691
16207
18217
11946
5035
2058
7928
9086
2474
19672
28521
7125
4328
24220
23271
12608
6717
29209
27959
572
17603
31320
7247
32695
1346
585
19308
13264
25068
18860
1119
26079
5707
10546
23335
16309
13175
480
12229
22565
4236
15285
16972
18115
8027
6028
19768
9451
31072
22596
6656
8197
14581
1821
17391
264
29380
22373
7471
19773
25474
27989
27175
25670
9691
3126
26375
16222
1192
28615
19360
13794
15720
21731
16762
27409
18158
30047
32
18704
28759
31538
959
11568
27711
11992
4591
10612
7221
25848
209
32590
12395
28484
29786
14250
28594
5280
1518
31789
15270
21639
2609
5567
9510
31147
26906
13383
9480
16348
15433
25525
19722
4395
10138
21062
1291
7759
8186
19459
10363
22088
5241
3980
6160
322
11681
24595
5050
699
5894
30891
28890
1768
1823
17603
175
8021
31060
493
15120
4813
20056
12005
353
25721
18105
27598
