31557
29828
20737
17165
30165
9318
24293
19457
8528
13358
18730
20388
8536
7296
15150
19427
15350
3033
26577
11572
23702
28029
17553
11561
18515
23729
32756
32581
26485
22571
14119
16398
18488
18887
12004
23139
16080
13947
5016
22288
18089
10893
1222
19104
2291
13827
28582
21875
11358
3420
32019
27152
21026
8829
5796
19899
25667
18926
18200
1867
6419
16454
31223
12342
20472
9188
24182
23534
11119
14048
29083
2416
3153
32065
29603
21273
21078
2929
19617
20668
1495
6382
9319
24563
20184
11073
12713
18098
23877
27956
1120
25634
9852
1600
20333
25516
7180
1605
30079
9811
16316
14718
23862
22088
14544
30899
20617
22712
20103
18864
27493
4585
27624
25591
23958
12165
4286
28082
1003
27958
21474
1259
7317
1906
23224
26879
6865
20633
27132
22608
24007
7229
29631
30267
20145
29888
18092
19786
10815
20261
17040
16810
31034
12576
13850
2015
31849
32111
18911
29622
4017
23149
7328
13179
18559
26341
29904
19309
21355
12580
11089
25967
21781
9298
13183
18688
21075
24578
25711
3949
25487
11783
26488
26693
14186
2697
28659
526
10405
29273
8256
27446
27458
27522
16394
32589
5350
31777
10187
13425
1154
886
1426
23817
27954
10554
24324
12726
2150
22323
29856
14214
13119
28935
27208
22123
31548
15950
22781
13292
24085
15082
11755
9755
16615
16795
31397
21191
25234
17614
6833
20210
19807
2486
21063
21125
3047
6558
19030
21571
9520
23934
3528
8700
9240
6092
27655
18691
11767
12436
25792
25314
27776
1995
231
6731
20200
16865
15611
31826
26187
17045
26763
27098
24907
18957
7929
15693
27386
26662
15742
30865
28922
14857
31342
3895
5346
9727
445
8437
19684
2438
15043
14422
30637
3492
6972
25008
26509
5499
11155
11863
10456
31518
8288
30736
1932
3747
11567
30920
6195
2937
29827
2694
18443
30716
14618
9119
14437
9031
13427
25385
26955
13641
13966
16817
30565
1308
29427
14897
28958
10641
7925
32572
1794
30736
17720
4220
7018
26015
29297
17502
30044
32320
8045
6668
6829
26240
31829
26524
5480
6989
304
14470
10356
25608
26537
28764
14192
10971
29202
1461
26082
12109
9130
26987
12689
18195
19995
28166
3119
8489
6215
17271
14395
16162
25156
23306
27942
6333
10917
18326
1717
7608
22780
28150
17318
2537
4509
6589
22422
16266
30372
18982
21538
7125
31289
19274
11597
31185
9746
28566
23841
22379
31802
32123
27290
20680
21777
9575
22463
26074
24213
5109
15122
15921
8415
29793
2090
24340
11248
30526
19359
2001
21166
12651
24102
10321
5930
26435
21245
9711
11300
6164
9610
25226
12241
24018
27199
14809
988
29965
1728
26879
26282
289
13640
5216
12770
24749
22345
24498
25133
9798
23378
19543
19514
2412
14902
20970
8966
25532
20331
25880
13146
3688
4272
24753
30869
13285
26866
1278
28331
27107
14961
342
17774
10114
19487
15340
22796
27587
9800
19435
5081
10300
8824
22981
7503
17425
12954
22983
31315
19231
9053
21746
698
7546
24028
13318
20492
13082
27773
16607
2440
18385
18201
20996
12648
896
10846
21630
22374
29323
32370
10214
21630
25226
4313
194
