31903
28882
21889
22991
4938
15189
3757
5998
1342
12866
23498
20903
19487
28221
8767
2649
3101
17736
22612
13750
9077
11320
12509
18257
21306
19557
10781
5495
25941
8614
997
1731
29643
13437
24828
15853
13630
17550
6083
14307
29367
30550
30233
4123
2722
24345
31869
24359
9498
28188
21618
26506
32103
10773
1576
1226
25797
13280
12632
4294
25191
30579
19824
13130
5308
6164
13552
20449
14321
27850
20
1514
30135
8465
29363
30446
25158
19921
359
18225
19106
7825
12782
3207
14365
22248
23248
8041
19741
19509
1602
584
24351
10128
31819
21281
29180
1025
14373
31570
30827
15599
19686
4524
32200
219
32096
8905
7444
31822
2885
21408
26940
12559
399
4694
10910
19866
32286
18776
5577
6350
16035
18598
24452
17894
29886
22898
21011
17578
9571
12265
18357
25062
6018
12113
11889
19484
5607
13396
30994
20598
2143
22939
8561
25598
10268
27295
8178
19729
21338
30908
31825
273
17475
18056
23455
2651
12048
32098
12167
2681
2930
24910
27350
11416
3376
30464
24379
7228
4113
20534
10314
21554
31484
29259
18375
22983
24158
2825
22306
14391
20940
26560
29246
20584
21738
25236
16246
20696
14219
14875
14562
27092
19737
1832
6870
4588
28472
17633
7084
28323
5030
7960
20676
13675
31077
31448
25800
6352
12573
27965
821
5619
1212
5257
7447
13882
607
1909
27412
6470
11893
20165
20651
23333
8481
7455
1214
10953
4833
14621
9038
9401
7278
19873
3207
17927
11747
5225
13564
2946
288
3811
19251
4396
2929
16706
22116
17903
12907
9169
12926
1931
18455
16007
3435
15059
4691
8924
18837
13337
24948
14300
27049
999
31280
3194
27035
31728
22204
9254
10474
69
817
29090
18981
30924
6452
29713
11182
30447
7894
10833
23998
25489
19641
20618
14761
18758
32629
7175
32355
3779
22585
26949
5699
13715
20662
4170
27144
28940
17976
21304
25882
10626
16406
6946
3858
16314
30029
30494
24187
9377
21864
4508
10458
6462
6307
4086
21485
10982
6991
4168
11313
16303
2168
14721
1190
18215
6086
4538
982
25413
25249
3783
16916
7583
5272
5388
7426
31966
31492
22674
25686
3695
14312
21595
17373
14460
7196
19442
3776
26651
27819
2885
20486
28613
6009
22711
17498
10761
6953
19826
8462
13441
9789
2042
19553
22278
12671
27912
27389
27424
6560
27285
26308
22464
31776
28981
21196
30002
23405
6054
20648
27981
20047
7337
23274
27629
16003
15120
6373
13219
31399
1049
8120
27306
8022
13306
17544
13341
7059
13501
25612
26984
21611
17230
17231
2045
11222
27347
28081
10056
28383
19003
13359
2788
28420
22554
12773
9487
19168
6324
31185
7515
10759
31319
20954
12199
28722
19439
7953
30542
11164
468
26422
31390
17067
15590
2942
2700
9427
18396
8339
19109
696
32473
2013
30024
20882
21824
11776
12307
7638
28106
4774
1179
28947
30934
32126
20832
20249
19712
1157
18176
3681
28148
18308
17834
4009
30085
1241
11990
6367
4857
27515
32563
22336
5287
20025
17633
19649
12229
7234
17889
11438
31355
17130
27338
27537
19515
23723
16829
1621
30805
20842
11674
17579
5830
19452
5492
31405
20305
10473
10307
3521
23250
17008
2265
16577
11982
15819
30232
2905
1870
15796
17249
176
17134
7719
13647
2378
17713
7530
5798
29741
21271
5707
6534
9026
7666
12201
22757
22271
28789
9525
3644
23875
12814
3450
20351
10113
13430
16667
26963
3105
32646
18268
10620
14115
3916
27620
11668
3590
14430
25026
2563
2792
9838
6061
23851
21230
10527
8592
8931
3046
17175
23366
23591
13611
12117
10401
24333
1993
20677
30386
25339
8674
16402
25156
7448
337
27580
10154
256
4492
32362
16315
31164
20687
32641
19994
12017
20599
25077
17595
10839
5292
30048
24738
29037
5954
27985
25582
26476
29153
29414
12567
2937
29540
29853
11124
26398
9344
10343
256
16635
32678
29694
16733
26553
24618
12153
26137
10560
27812
30238
12337
18986
151
31095
32467
4471
22864
2728
872
15490
2577
19967
30418
28467
31599
19661
13298
29815
31225
22900
23406
25325
6170
31170
25777
31203
26433
19325
16435
19072
19518
5951
28410
322
29424
1412
13153
25516
9501
10754
16152
22072
2209
22841
620
32403
2251
31818
200
22025
28420
22284
20092
16446
28337
29789
7102
31264
10331
11446
28910
29977
26637
31491
31
29321
8958
5041
12242
29555
30832
29192
17156
20599
14808
20411
17004
3584
15935
15037
2814
16574
1256
15703
9651
5719
27443
19576
19596
22105
31169
28748
16597
28532
3289
23311
22183
25830
23563
25124
22960
12342
9491
3425
12086
27429
32256
12462
22874
21986
4757
17358
16282
3453
20719
27772
24730
1694
18792
28346
20772
8311
17852
30566
11373
25591
23402
29966
22938
17216
32093
29445
19074
27996
20684
10934
6070
2603
18783
16185
7615
29344
20627
22308
32678
14637
31839
2212
12986
5756
6424
19404
30605
3680
2706
26412
25664
24843
18568
2726
25600
7297
31293
3197
20433
25165
30052
31919
1162
13682
9277
645
6689
25764
5890
14440
8233
25784
17537
31222
921
12122
15882
22613
463
31230
23179
10439
19669
22809
7418
24959
17634
9104
23027
14516
27428
10864
24739
14835
29116
6369
10980
17849
3339
4181
22697
12097
27180
21765
31389
27803
28353
7838
28679
3326
9715
24887
23537
26975
32436
8839
30089
17218
16199
12117
14279
17873
20995
17711
13392
7467
20308
1119
3483
6142
26882
15899
23634
1880
6838
29436
1019
20666
17338
5554
15063
26223
3584
26101
18698
6683
18022
30654
17149
32151
2616
15032
17153
17916
28150
5617
26165
25854
344
27606
4265
19580
21648
6750
15555
4180
25295
19333
23010
23164
1546
10748
32322
25935
22526
19999
28704
28708
9330
30503
18974
25125
20668
25761
16104
3935
23686
25631
16408
21525
24530
26413
3159
31322
10812
13702
26821
7647
26495
3976
2460
521
27963
21734
28176
3654
5622
925
13177
25762
19808
9001
9139
18069
12763
28664
709
15391
28474
23327
24514
12567
14025
12876
27885
31937
30862
1019
8992
1950
16847
5101
13423
904
25813
29654
4616
27134
19951
5207
2397
13500
10681
25131
15494
1166
16541
17317
31200
10855
11163
2650
14075
18093
17990
11547
12979
29400
527
24102
668
10555
32454
20892
4004
24353
3166
18486
17907
1308
31217
12852
31766
24986
22019
32407
21853
31161
1035
27280
9089
31837
19248
25912
2954
25471
16976
23425
29168
16328
15686
109
29185
25182
8045
25982
25730
22782
14176
30573
14745
28747
2052
13087
10731
12389
8905
9940
769
1982
30508
5026
4848
6185
15233
17186
30521
23092
21231
25961
21230
2744
21692
2873
12310
5806
6346
4217
4179
31044
28002
2787
28866
16433
23089
4349
17699
10821
5264
27978
11834
5188
2313
4545
28532
10228
7702
24446
26574
373
5163
5816
4595
16081
9975
755
20388
11732
21480
14198
1117
3102
27117
28672
17206
3446
18047
27063
5127
7265
25570
18529
5071
2291
7336
23510
29783
6630
18552
22965
7954
13289
5645
24407
32584
2874
18049
20481
14195
4983
11724
25438
17898
8626
7304
30764
23740
29891
5879
32565
28895
6114
32070
4737
17546
21365
2323
3274
28895
8230
17454
13616
13005
20537
23708
21294
32565
25372
31202
16077
8779
14144
30592
16663
28224
3624
10427
22735
15646
5824
2463
14175
18931
29167
325
2578
9521
25967
6482
25475
18517
12509
20160
22870
3271
14604
24545
10789
2561
32159
15264
32701
7924
3287
30219
8587
10919
27049
26126
11089
14370
6164
20609
7197
8586
17329
17510
20860
28301
13452
3179
17131
29185
1586
22967
4494
27335
21771
3042
16421
11254
21994
14917
10043
4149
3043
25205
31136
15465
4189
24586
27930
30097
8551
4517
23384
3565
27216
20273
28455
11622
14961
5480
12777
31018
7758
2713
3394
24215
3806
16553
5396
1370
11046
22617
11694
11480
12301
27078
25152
30925
8811
22070
32658
28978
24419
26385
18166
14693
1779
24110
19836
17028
29897
23376
23396
32025
15192
15089
24537
19965
21804
21054
19676
19062
122
11362
28542
32675
30972
11527
6226
18714
1019
15386
10274
31439
686
24271
21729
25144
32450
25062
15073
25262
25914
31020
3654
12567
25465
30788
187
29378
6813
2215
12131
17298
7439
234
11538
26463
27224
16704
31934
10905
23863
14655
4144
13870
16368
31463
7935
23214
31462
32480
27071
5806
4460
32259
15734
23658
24793
1052
19279
23214
21978
8174
10387
19702
3085
21624
2772
5844
3019
12151
5228
11922
6725
10540
17702
6936
20434
12639
25402
2321
26759
3492
28799
15178
777
27869
32732
23130
16799
21504
32511
26504
395
18459
18514
22249
7323
22933
4395
5321
26875
29878
2116
31308
27469
7017
14442
30037
28411
27713
889
26535
30924
6843
18823
331
18358
15555
4192
6705
22516
4473
16179
20250
7256
9524
17034
26036
25057
30407
11391
15367
4496
516
9517
18193
17528
21375
16230
25773
24085
2453
1444
1210
8414
26284
21313
28024
28957
22715
19946
7989
14847
6670
4945
6954
10471
20291
28450
4512
13064
18073
11577
15191
6451
15466
23570
25127
24045
18677
4992
23784
25029
23393
5026
656
6629
26111
20499
22683
5350
8144
15202
176
16873
32583
26306
10625
11747
21071
18946
1779
11064
6032
18367
5503
6028
31982
16856
11479
13269
10067
21026
9677
17077
10159
31581
6001
24840
16701
26215
28538
19641
25863
32688
27112
3545
1708
2286
11239
13810
11873
29458
1525
10648
27702
5242
8519
10306
4251
3944
7273
1624
20002
31923
23334
19853
10374
11964
3495
14191
21741
8356
13023
13884
28522
26044
6694
32760
10694
11581
10275
20412
22400
11834
25328
20817
31506
4050
2425
27390
14454
8618
14885
22941
20713
30875
27833
21236
3055
17319
17273
8771
12695
27954
30608
29466
31232
23662
25777
15981
5660
27416
30719
3562
13748
25442
1578
2442
11948
6704
19675
871
10633
31110
9043
30157
30512
3905
7759
10131
29680
29702
11054
27308
7107
7801
26197
10489
13265
30383
12499
13153
11574
15845
18753
1828
9477
7794
27628
32108
9613
30714
15927
6438
3291
15333
2362
26383
15488
28175
1967
9234
30356
7617
19215
7633
3066
27361
31736
386
16358
27493
31186
3324
1181
1293
7602
22033
30076
3922
9342
7199
12860
20890
1107
22498
32628
12717
12579
32140
20575
9836
5283
9496
7648
17089
15716
3291
11971
27858
2367
10844
13638
5498
20215
15717
26072
1017
19226
6490
27424
2538
21544
6346
23361
13174
6647
28484
4701
18376
29782
19820
5720
11712
1265
2893
26590
2284
12405
19697
25767
8884
13044
21807
7929
29652
21386
31429
20079
25104
31553
29607
15866
1570
13106
27286
23333
3576
19949
4851
19101
3868
16411
11990
9712
23924
27746
15195
18069
14891
26249
14140
16941
28399
29149
14245
31752
10589
16083
16195
28651
10937
11246
2975
6672
8163
3555
19626
8303
13702
17148
31384
8508
15507
5562
15858
19121
29422
12990
7655
8205
17511
13801
26852
4061
6123
4803
2916
16250
31995
23577
18696
12243
19806
12011
3050
8044
5907
17541
15919
19879
25226
28651
25051
835
10516
2682
23273
1058
3991
5069
8092
20047
14726
2270
17168
19007
18448
13933
3604
20567
22936
2726
6716
10159
7526
10750
9009
25110
20380
19294
588
14678
12651
8067
2147
20921
20870
18341
10723
1483
14551
8022
12575
8034
20338
23982
27368
8668
3527
20901
350
2472
19995
15808
30981
9480
21049
5872
1052
27156
20836
10935
8234
28163
8849
28812
12761
24998
22227
2689
4871
14133
22551
14627
18203
21838
24593
18081
18837
31547
23414
11569
10986
14964
3436
31920
28558
10596
1855
17288
25938
13168
18517
32471
25328
10806
6756
21966
9700
31762
32226
9303
17022
13287
15037
6394
23094
9756
26957
27137
3135
28388
1927
26074
21599
9667
28275
25278
19453
27214
15328
20880
380
11826
1110
30728
22983
24695
24908
5648
12333
24070
12187
31342
10352
19305
4659
19108
26392
15315
3340
532
9229
18784
19552
27752
19301
669
27672
7985
8315
20811
21380
14030
5953
15968
31054
23184
22487
14159
9137
19484
8284
14473
30950
1552
30980
324
29663
11753
28266
13435
4408
23844
17960
2870
18539
1443
24998
31755
9539
30035
17199
31717
5523
15628
26954
15364
16167
32440
29767
2373
29179
26296
18968
12452
2731
21635
11362
3327
22827
30352
29908
8733
24504
23927
27576
26862
32270
19027
27847
12564
23772
15466
20034
15267
11637
528
15934
29477
4552
20680
2624
25826
16530
10413
1289
24414
14802
1808
32435
23074
8062
11363
765
2751
1652
31061
20964
19217
21427
10047
18035
13505
31179
24511
8155
5645
10898
30626
24774
9164
20761
20744
14569
3244
26590
10434
11480
20927
32579
21247
28703
2102
2111
11048
9614
26732
14164
15112
31188
20006
5057
23856
19536
3609
1784
24218
23075
17580
82
25484
8074
512
258
5055
25451
30509
9288
20929
8493
2255
30695
408
17613
27330
14552
8872
27950
10537
18496
16599
10417
17077
27808
238
24582
14372
13131
19522
25410
13575
1566
24469
19761
13769
18795
16695
12525
20205
5686
25200
17839
31127
25764
28707
1254
2382
15024
5803
28294
12032
13088
15625
26531
11590
28855
31553
26430
8682
20909
20481
25951
2215
30556
22916
16484
23343
30268
5558
3224
29299
16913
28057
519
3358
10851
4071
31889
8034
31535
24313
16958
20472
5596
30183
977
18018
5744
2289
19360
11892
22788
9501
20130
5394
29558
4898
21450
571
30557
24965
9619
29767
4162
23042
16861
8300
21005
26157
15351
7303
19389
10073
1277
22041
12892
17849
3684
31376
14386
15045
31443
13513
25658
6879
20788
25554
32210
8759
26124
12020
24758
2284
28423
6897
19759
25204
29912
1162
2184
3133
5951
9284
25026
28564
22379
32620
28297
6855
23683
27225
5222
30086
26240
32753
12853
5263
25405
12911
32218
28811
22993
22883
27184
1074
8220
24825
10562
5558
3744
32383
7870
12127
9874
3618
22182
2930
24113
32248
21577
30552
1879
27204
19826
29180
1102
20213
9695
2421
16100
29295
16116
15333
5570
28046
28593
24481
13305
29928
14562
22162
1758
18259
2453
4315
17944
26024
10193
8891
16887
30662
4485
29109
27656
729
27071
15599
19942
21724
17950
1241
25170
18780
28810
5646
1158
19327
28962
15231
27079
14662
29814
23502
22842
3087
25079
1528
5624
27230
13996
12599
12132
1756
30758
13351
11197
28832
21429
14119
16623
14510
15836
9730
4015
4285
9731
25807
5318
18238
4716
19477
17581
17561
14440
12339
1371
28090
25803
30719
31323
4044
18589
1710
22305
14660
32274
31988
11166
9250
22972
5483
24338
5491
23552
8249
19746
22043
22215
25070
14634
10449
7029
22955
3028
24939
17695
12937
3818
348
29433
25656
7016
32123
1805
18151
28118
4358
15667
7780
5332
16870
11837
24709
11767
31284
4978
15046
25811
23293
24126
6963
26713
11330
30759
16521
19044
3651
16131
5528
32142
20478
4456
23531
25928
3826
32613
27051
11306
1064
29551
32449
21639
8820
26526
30011
14149
27129
31514
20721
25835
5355
31696
29288
7420
409
14441
28918
20356
32170
11900
24615
23792
22182
26882
1120
2082
21433
8971
15042
20165
31924
688
6225
7134
21077
73
1110
2212
23496
19936
20994
8082
11629
21221
7507
21946
19676
4130
28476
11868
5671
32754
27904
15543
1631
18094
5855
30751
3929
18281
23028
5712
22705
28893
31070
24578
4624
22180
4766
13246
15019
27308
16704
10991
524
27365
9662
5436
9749
22332
21409
15893
29250
973
27369
12428
17454
6996
24751
28007
14681
9701
15113
18291
27176
26590
17454
23067
22061
11545
30938
20024
26025
21606
13812
24875
9295
12088
26991
25130
6475
2462
19054
6615
24707
28277
23723
20503
26909
31709
17177
25633
32065
23529
9672
10965
30496
13723
12041
1872
18229
10767
25556
29117
12234
12790
23398
24685
22975
28486
6702
18219
9863
18224
5098
8393
25459
22611
6414
14079
16947
8495
13157
7286
15002
27356
13818
3359
14753
19451
1081
10441
16815
22510
21586
15347
24599
20036
28894
2782
7138
24183
15813
21223
16848
21466
1119
30228
12697
15821
19161
1261
4216
26675
15067
6797
1258
14374
23399
16120
24500
16617
8709
17327
22051
9501
7965
20098
12695
6200
18852
1702
6211
5172
11770
6151
21294
6020
1043
223
13693
32588
28886
23944
2293
20945
30402
9871
9148
3375
22999
5385
2911
20042
31412
8490
18713
25606
27901
20243
21331
8891
19711
15852
12391
3043
6295
11571
13993
7702
3919
27731
3496
24889
24011
26745
21681
754
6244
19619
4757
5982
18706
26618
21164
20999
5263
20065
4890
19216
15033
26446
26705
9395
30265
24280
31192
9454
32610
11538
15434
6008
13915
10136
3233
3066
14465
20839
4276
17532
25863
23794
255
26653
5343
5234
16291
19976
2526
7293
24749
29859
22811
17626
1947
30986
21656
23444
15901
8891
14372
13901
10264
22419
7551
26069
14576
3065
31680
18427
19975
857
13812
27555
21121
29908
32008
31513
20555
26677
2281
8357
4699
24359
27881
6496
15417
7846
2917
27205
31422
11444
27812
27531
12827
22093
32003
7731
19742
20892
30287
32733
4529
20591
30835
20703
7844
5865
5459
152
30380
27254
21495
13314
15531
27908
28396
6791
1329
14449
20967
1302
24899
20031
6828
29557
1628
12175
8494
3033
14258
12621
19192
12468
21690
24744
11723
10446
12526
3013
17801
3479
6350
17076
16721
29628
10277
25763
11244
504
21901
3409
29544
27181
22325
30406
5122
30899
17634
9026
27210
11759
6964
25459
28801
5672
1067
3306
27462
21399
2281
29904
18802
3773
4282
725
15168
16634
20817
28778
17585
3418
5205
2096
20270
7090
30236
31152
32367
10732
438
5452
19613
18335
20013
1141
12723
28643
267
21023
23082
30051
23069
22386
12501
29875
11383
24771
16394
16612
26808
7874
11778
32342
7311
14325
22658
24526
2942
3685
21435
14792
17630
3479
20592
24591
23332
5309
11606
394
8290
20782
14272
30297
3089
7444
24443
13345
11789
13924
25079
23715
21217
25108
12456
6804
15685
20360
5804
16552
6373
20557
25006
24305
2660
14345
4618
16999
161
30898
22066
4808
11065
20223
21840
674
14925
4892
3373
17837
19333
418
18257
16735
10324
4294
26988
11195
14718
9681
9460
3178
21464
16080
18960
21516
16975
25740
16821
32208
12588
30908
29454
28482
24215
13434
6178
2661
13401
27380
17841
9730
12006
25700
10846
24639
13722
25922
18708
32627
18499
13751
12962
21817
9696
15702
680
22468
20648
1799
9143
25970
4942
16707
7860
26275
27524
3719
31101
16843
32190
14850
26831
21958
30264
9361
22888
28268
31546
32238
5224
26470
5275
7717
765
28992
11396
4935
21823
11454
3446
14177
4185
4212
398
25263
18410
19601
30472
3598
1707
8444
19971
31152
10833
22946
13187
11283
14005
25870
11708
23860
25650
14650
15758
8704
27982
31396
14668
27659
24477
6565
17601
12676
29667
23038
2677
20841
12665
30900
6700
2039
24818
25631
4272
1893
4605
14909
27856
2257
14477
332
13737
27003
9528
20119
22052
10289
23773
20368
20928
22282
5002
26911
13970
21847
20125
24890
28810
26071
29225
18102
25079
29994
15771
2908
25933
9352
31645
1088
7206
27827
26938
17486
12168
27946
6211
1318
25958
15264
20722
4650
12137
18348
14030
27092
5872
9922
13518
2382
10837
23650
29889
5692
20338
29327
26093
23260
8035
30339
5879
18514
12174
11681
26371
29501
27617
5803
21019
16014
26203
2869
23765
10394
16334
5466
25392
28270
3555
19885
20160
31074
25182
21874
30731
19185
22435
16655
14130
23239
18041
1725
26580
6940
2319
17795
25647
5953
28477
30821
15240
24696
18443
27097
10189
15625
9335
31610
1658
19858
14195
5632
22713
7327
30510
21872
3789
19578
25492
17808
8880
22341
5656
17054
17915
5445
32433
21057
9991
32129
29218
2240
4434
21644
28031
20082
27940
15775
13037
6518
25202
25066
9129
28579
8962
8748
31564
17602
8144
1666
20557
2299
11697
24700
32199
31630
23862
21366
23164
5572
2515
14118
24859
8740
25664
2161
11710
21481
31776
23683
29879
29364
3297
2590
22156
28287
4579
32050
13632
28626
26076
26799
28372
14393
29051
19095
8462
26357
11595
30295
23161
30194
31451
6487
23725
761
6428
28112
21456
14631
14346
4062
10077
28318
28558
10454
18468
19066
7587
25817
8083
1799
28601
26281
1075
9265
6998
11708
22389
7739
2563
8847
12463
31924
31846
15677
14690
19879
26796
31312
7870
24851
6186
4567
15464
22682
18499
9401
25722
24445
21132
21576
26828
7880
8238
30745
18802
16842
27788
26132
11397
7880
6950
199
807
22515
9405
32767
32705
2198
24505
10138
16783
21140
10183
24727
22879
24594
10438
26735
2965
11633
20708
2728
29555
12159
11780
6311
27543
10734
14948
5062
24517
18949
23676
15782
27623
22933
7721
711
27730
7727
24330
29525
25419
14484
1578
15941
22474
6253
30432
25249
4478
22588
19700
2848
22032
5523
9219
18426
2988
6532
28197
6906
25790
25944
7628
2517
30969
30595
9968
10938
28574
23768
7017
24362
7931
25082
26268
12554
17714
30995
27737
1527
15931
10184
3844
7385
23340
4460
24819
2491
16056
29043
1304
9178
25334
6698
736
6651
11364
19366
4442
8450
11820
30458
7580
28865
934
16814
4195
782
25373
23916
5881
18712
19926
2043
29532
19195
334
18290
6044
26001
3524
13989
4229
6795
13815
30180
894
9921
31793
5093
17329
21191
132
766
17004
12737
5204
28311
24263
17016
10006
1248
22664
9901
28758
2239
27203
25773
31487
16397
20166
26405
30167
4609
13748
12088
27977
27116
27503
27855
21095
12839
14395
28976
29487
31562
15009
12243
18445
9119
16658
16752
15010
4823
26317
7517
18884
24059
30723
32023
11974
26533
24888
7711
26617
20591
11756
22023
19570
19372
23163
11468
3342
11350
32066
29030
18100
15944
2819
31902
2522
16301
14986
5664
31563
3769
19345
12241
29223
24471
13538
27490
14123
3746
32187
7718
18738
25303
18038
18208
19196
21642
17513
11105
32303
11353
13580
3217
28571
3679
3161
11723
14530
17834
25209
6830
31384
25582
25756
25776
30087
2426
19753
19126
25270
26988
10007
32482
29323
24097
24730
32428
5231
8688
28931
12597
27601
24
5601
16343
5741
4598
27501
23809
10190
23676
25637
27970
32273
25054
25526
18083
21485
31630
287
31290
13296
4203
13332
23548
12555
31542
29088
15571
2129
13637
31759
2801
4092
6523
27147
19555
6065
21367
10501
10217
7685
20236
32471
28677
32575
15345
20135
25682
351
31162
9486
7447
24928
7
20345
21788
17851
5884
720
1468
14892
29681
21846
2364
6328
3690
4049
14171
1007
16713
6634
12330
22127
3138
1494
18718
11177
2448
32566
20580
26088
27622
8508
6772
21903
6313
30736
3561
26017
12892
12658
8592
29063
10076
16544
191
10254
6349
31098
18920
8112
11732
26340
7021
20
9990
24684
25270
25816
17953
9005
8578
23949
24058
29170
7546
12035
7863
159
11788
14791
29246
11981
7286
10731
31982
21941
18977
21509
5772
11599
4401
25466
20352
3259
4954
15869
22081
2527
27381
16466
20750
15442
29267
14424
32735
10104
5457
16454
15003
4079
24876
24373
8075
16426
18071
4831
1551
92
16907
9894
2447
17816
24159
31704
16565
23606
17816
10033
29913
4472
21506
1953
28093
8302
24960
14928
9595
26134
13600
4064
30907
8392
22258
26354
10025
16081
13339
4075
14375
95
18725
7672
6078
28829
18073
18767
32731
31262
25552
18104
440
6783
21510
14412
17304
31048
4528
7037
18103
26132
29711
22615
18817
498
17158
22022
6658
6154
15657
14487
27806
27012
17430
11267
2818
28837
8968
24681
28506
24379
9129
7067
8132
23612
25896
988
24069
17578
10636
2024
32636
29625
3400
2101
340
22068
23823
9593
11517
19741
32233
22636
24796
9108
7047
14031
20801
7161
4307
2477
21914
22613
16076
6369
5607
8694
17809
20440
11374
21594
21435
8088
4016
28495
32752
16897
22683
5207
24758
16979
14593
29521
22148
28401
13897
27222
15391
6245
31845
23778
28964
16803
23812
1588
29408
9618
20232
19191
30568
13768
570
20001
16102
30357
23356
19740
3890
23620
27584
1828
3490
3485
15096
13296
27426
12207
29261
19860
5767
7884
16980
12710
26912
14548
5118
23967
398
7351
23055
19077
16598
821
5841
11207
7605
5352
27145
5481
16948
24965
15146
19808
10107
23647
21449
19520
9194
556
32337
12564
8038
3084
31992
11405
25073
21447
27889
10080
12414
19798
27107
10217
11267
14758
1435
15124
9935
30360
26622
25725
25630
4172
11073
22998
30187
30623
18524
3466
11525
498
10171
19615
20325
5678
10807
29665
2239
11012
15942
61
18775
31354
21870
32363
1814
3747
19968
7632
5341
2989
9474
27298
1049
23330
1133
29517
17560
7271
409
23829
30363
32393
8181
11261
9004
26424
27643
16872
20145
2836
16995
22783
6594
23336
6039
32082
25656
27572
21352
18882
9862
14384
5375
27678
30029
26765
29462
13452
25386
31678
3176
13355
13523
31607
31845
12022
7010
7477
2091
25836
26864
29822
6066
30318
29542
6762
20294
26600
6544
28258
23867
2227
7795
21544
20444
16698
20193
4887
1956
3164
9546
15021
6577
8210
24533
12358
13941
2386
15535
18986
26799
16179
20643
7114
16537
29009
11244
22343
16227
5491
16711
26676
5857
30827
17228
11165
4481
22078
27645
26952
13951
15749
25248
29242
32348
16915
13258
2173
11148
17112
4029
29729
7023
18181
17139
27009
9090
13937
7419
9416
20183
28988
14724
24243
4034
2738
24504
32408
14806
11122
27595
11687
22543
24271
30419
12144
13137
20342
12506
9125
7441
14161
8497
5409
21074
1708
16648
31274
2772
1687
9276
2547
2184
31371
9328
2917
15174
1360
16991
287
19650
21789
12656
22204
10429
23298
16780
29524
21880
4483
6956
21829
12398
5766
438
6963
25410
7279
4105
7757
9463
30345
9046
466
7007
17576
26675
23508
28886
524
15850
23357
29232
31625
25623
3855
18671
28901
9842
13040
9657
25986
31465
9445
28426
25660
17906
26718
18471
14997
14623
23155
1107
28432
32754
31597
23108
30426
12020
29064
27608
28335
10497
10487
30213
23292
28390
13609
15630
13121
3374
22347
2301
15546
7224
19982
17997
30782
1677
21162
7911
10087
2417
26403
8016
11507
9144
22986
15392
19562
26331
8712
19382
3329
24139
31319
18474
17343
261
23441
28035
2270
24935
15725
2090
7284
3906
16454
1951
32339
24624
9247
10603
15661
4648
12517
20566
16636
31823
29683
23513
5280
16913
30428
5078
29386
15473
21348
31879
6682
3485
18639
9909
11396
4806
13919
20522
7672
10286
7960
26728
30274
29571
6854
19867
27183
10347
22593
21965
4081
31584
5360
30809
12996
14014
11660
11170
2514
9754
11302
19204
22100
19414
30572
6411
11515
5362
1832
12771
28302
32549
16905
528
13268
25901
26790
5471
12468
25955
12736
21021
21147
5778
31687
29830
7710
32521
14240
24192
4065
495
28838
3978
1207
14039
5615
22767
27914
24468
26832
8767
20350
28751
13475
20991
24273
24023
13255
11936
9990
9783
17897
19374
5570
18318
23426
22346
25078
6427
15009
23514
5822
15000
235
18943
17801
3529
1760
24264
9083
28244
2144
14885
5647
7123
13933
14750
29441
2600
5682
27460
30571
3088
20804
11496
14894
3068
23337
19340
7571
18204
4119
14103
1074
16060
12541
7757
19731
21459
24776
1789
23316
16601
1759
13948
11146
26074
15087
32339
16427
6857
7662
16693
24620
31766
17498
17460
29862
25986
5570
8244
1086
3891
17800
26527
4613
259
18661
21594
25501
20510
28205
4600
29342
23244
31061
30766
3383
30347
27058
18823
27161
17505
19715
19033
13200
8048
17330
17400
19955
22987
6743
18473
23871
15240
7294
18650
19967
30743
1194
22544
25967
3538
11674
9248
7392
17364
26826
1058
19550
14863
7741
10403
26769
16281
6522
17562
22497
25415
10197
17053
8925
29309
27631
23125
990
23108
2688
6704
6631
7837
5204
14677
17104
23574
20884
17885
24740
1946
21063
832
3655
24717
26648
3341
1884
18713
27994
4575
18277
30914
32073
14988
9260
15681
403
4511
26467
15759
14615
32521
11143
29504
7148
11283
10
19986
16549
25495
6320
13766
9939
17008
3130
24110
2764
19503
26178
8584
9899
14351
4198
21770
1176
2604
22184
19390
17994
19695
2837
31632
1481
32461
3237
30886
13177
2097
13667
15087
5460
19894
29645
25087
19319
12954
4990
27418
32224
8048
30986
3470
6006
24852
21802
12614
12873
29668
4889
13213
6428
3885
1597
28272
545
1252
6922
13687
26371
18839
3876
15829
7721
14498
29891
9197
6458
26790
1372
888
27868
9271
1918
21972
1474
23253
19450
2719
12005
7710
1606
3717
19729
32577
1059
13398
29604
24758
2174
13404
13971
4141
19860
13803
23981
15556
29274
5945
23844
7548
22300
26480
14153
23534
11620
18178
11159
5946
16157
8765
22259
4929
12536
31263
10546
26644
17423
12139
21468
17835
23241
1020
5679
8155
17661
18010
2663
22146
5978
23435
22589
11781
4614
6956
28846
11260
23173
12736
14077
11307
3293
32071
15099
16821
26615
6163
26758
14476
6473
1495
20560
19244
27570
14081
28130
24713
23973
22089
3808
26181
25226
5258
16270
6951
21345
26321
24723
24009
21161
27316
18941
21392
10112
25830
8070
31713
21515
3592
14869
914
27416
8641
19080
27807
26882
25616
6577
24095
5077
4321
2462
12406
9907
27103
15390
2507
19575
22154
640
7869
11671
19081
31390
27473
5455
26177
32027
30767
29180
1446
16616
15
13510
12625
22541
2414
21633
9684
27046
18565
30677
25930
19755
23931
2717
1842
27381
17114
17038
14973
1534
64
22297
11749
21225
30039
28818
21121
66
20742
4753
11414
5126
2281
1433
9905
16998
25855
1015
6898
8648
29603
11757
1707
24591
31166
2320
7210
23836
13114
3823
9938
20116
30650
3829
30065
20708
6024
26513
16077
2435
1230
23187
13440
15991
7434
218
14342
1819
9916
8492
26133
31263
22369
28261
27692
31952
30117
28884
23663
6042
27605
7906
29618
29643
24211
26868
1492
26265
7117
15507
1102
11623
30192
17099
21259
16196
24408
24016
24443
22453
23052
10728
11747
7860
4008
1412
20727
4600
9626
25776
32682
4983
8593
29614
15685
16682
29235
19678
18358
31248
28687
17890
16427
13429
27346
6142
16864
2420
5821
26565
23349
6587
28246
28658
7428
12174
23646
21396
13361
16911
16900
23406
16771
15804
11608
8861
25522
13881
21506
30331
10177
25936
9780
28100
21389
6966
3549
31479
16039
1039
11808
32255
11615
26293
14084
6419
25121
16565
8557
19675
22789
25499
26443
8148
24993
30576
3089
21749
2850
1664
2409
30099
5787
30305
29733
12930
25500
4656
28025
24701
2823
2590
13416
5063
7199
3115
27517
7955
12258
23090
26299
31138
18073
294
5590
20651
9133
5531
24228
18431
7100
6536
31694
11757
2284
28491
13259
9827
22911
32237
31759
4439
27816
27304
23679
12389
12701
2982
10025
20410
15598
30732
22578
30256
18453
22839
12815
24762
20302
24901
27128
19715
16809
2776
30874
22354
30557
1558
25357
28593
25183
30453
4101
10830
11571
26805
32076
28449
15363
6830
26992
19663
17390
2635
17849
29391
27810
24151
1117
5835
12333
6007
5879
18761
27920
10744
12598
32138
24213
25803
9170
18610
28515
18894
25541
7210
6736
15182
4535
32579
19830
8905
5562
3100
905
29944
9015
13253
1896
14092
14632
3492
5617
26937
29320
13848
21018
31345
15112
93
16189
10610
15364
32688
13748
30466
5557
11187
1446
3449
14504
9234
15392
16769
29551
22375
15976
4122
2198
4443
12174
15841
24793
13326
21571
31633
11667
8378
26862
13258
3962
5011
7677
26129
5514
30449
11897
13081
10303
29104
17630
32320
13575
13527
8745
18525
11767
19577
15154
10169
12733
30681
16444
347
28630
19665
17099
26505
7425
10869
28086
16779
3059
16115
892
8370
15948
9406
5851
26265
458
23275
12703
8363
28092
7387
23993
15589
21690
23834
17552
31709
32404
26503
22684
17412
16008
28341
15664
14888
14776
2194
24727
17213
29147
24134
31843
21340
26674
4958
28674
11788
27837
10282
10642
31681
28080
23395
4342
22690
23329
20241
10538
16527
29443
29868
23507
31843
2391
1154
8987
29814
8353
1112
1467
3175
26265
8532
6489
27672
26916
24859
32533
23033
6018
28214
3679
2698
25545
954
8715
2331
6290
15400
15271
7638
14066
18322
28940
21760
28844
19711
22579
2940
4772
31505
25930
9361
29591
3045
28423
19693
15114
16443
19773
28393
5248
5591
17837
15374
8944
15655
15134
28632
18550
4645
21168
12219
5705
7295
877
11364
30957
23285
17441
26689
29866
24067
19307
18243
1596
30145
5653
19427
31692
30471
10145
9571
23071
23508
14628
29526
8718
17137
19032
25186
2614
4817
18668
1605
240
17340
16926
5398
2692
5421
21132
26573
20377
12920
18503
25606
28656
2735
11050
13058
27986
24519
8042
27119
17095
20727
22125
1897
31753
25697
480
27200
24888
21492
32004
9596
2767
8593
8264
21918
29143
13932
29469
23337
20571
4534
12294
7777
26139
19065
20206
16467
30084
26819
2495
23829
3296
23046
3888
17231
28619
1215
22495
17658
13542
16214
20895
1384
27599
11845
21779
26757
24400
19837
6524
1884
18390
10501
6863
19933
549
2277
9739
9693
7755
5186
32713
21342
23250
12234
22804
26129
24634
6995
1660
25625
20647
4798
11622
4626
32726
30242
23462
31826
26453
15655
15696
9582
10996
14767
25802
32256
16759
28092
22822
2472
5517
30862
24239
21841
13062
24331
11714
8886
21568
13156
3040
27940
25570
24566
31488
11137
18125
6510
29482
29581
592
15409
23105
25192
4763
6395
11809
28245
1399
29893
5354
1469
11572
16365
18330
8055
32738
18577
2786
8262
30404
27707
10802
14755
513
3268
10519
9661
25757
19570
7878
25791
3240
21860
28665
24401
15285
12336
23289
4705
5006
28106
2556
10275
23334
10408
8114
8790
4047
8483
29211
31178
5805
31009
26523
22303
8811
21233
10832
18639
8492
22390
9635
6767
18117
26504
541
12593
1833
31895
4989
4526
5412
31889
27911
29410
14669
1286
4126
632
5430
29067
26901
15944
9957
8540
3651
1823
8328
16453
30037
20670
26724
5826
4840
4901
21775
9573
6232
24849
31199
3960
17362
18371
6050
6372
30385
23555
1423
15185
1543
6245
9853
5775
31097
28875
15955
16436
11345
16171
15296
13959
1230
28050
18988
31389
13758
361
16366
5570
15951
27640
15551
3611
7203
17448
3182
3721
25506
19853
8662
17871
12948
28835
15886
16632
12527
2136
6111
17651
5101
10443
6011
27521
22370
17236
31339
1873
8525
19396
29642
4968
941
17134
7345
12743
4246
19046
18674
32072
29827
9608
5129
13002
2798
19388
14927
30093
8478
28665
4721
13023
23361
8584
15137
26873
28602
27147
20747
21796
11452
3261
16651
19744
31768
19195
2717
18373
22867
20996
1685
22763
28156
13821
1552
9352
18492
7736
23978
3352
24495
1717
12529
8514
23666
15081
4634
3256
21630
28095
18931
4191
29492
4829
23577
17840
16184
23848
7019
12638
29315
1674
25278
26936
6324
17651
17875
20818
26535
4253
20102
13407
1609
8085
6727
15202
13739
14967
27598
2182
4181
20088
1291
31049
21468
24746
23900
21472
26807
18044
2051
25559
7246
18304
24279
18937
16724
3186
17721
879
10839
32629
5962
27692
12949
415
6492
16520
18706
6584
31654
25130
12775
63
17979
25644
29149
11438
16701
8826
6202
18432
11597
26747
23259
10351
24647
27380
14467
14978
6700
6441
5491
31559
9824
2373
1595
26589
7446
1019
15567
1590
22792
29550
19421
27419
30059
14670
13406
24945
26658
12356
29036
5818
3122
23697
30291
28895
12406
4082
21226
28972
32404
1222
29220
18588
20015
13426
9954
343
14430
27909
31499
24953
32605
27160
29919
27413
7811
29945
18056
7546
5748
20488
7154
23476
18840
29024
31453
7254
31948
20666
26929
18039
20567
19599
19857
24571
17695
27261
15922
28948
8733
30444
12782
16647
19982
18417
18324
20532
29035
10099
6019
13137
29852
10380
17271
13302
11881
27697
14498
23134
22193
6422
22527
17516
4446
2764
30947
28140
9624
31788
31189
19996
13625
12537
21407
28266
2177
25281
25253
24192
16908
29956
23158
10622
3840
13465
6049
12422
10123
9804
17354
3710
13197
10444
32764
26897
26513
28101
2369
21239
28162
3657
2928
9079
28828
15988
5703
26410
22048
25680
26809
19969
2124
5622
1673
14985
22026
17142
19480
22126
17896
3321
29820
20543
27848
5029
17873
9840
7384
14273
22484
9125
197
6554
10414
28718
30508
22181
29709
23757
16978
19045
121
19136
24596
22159
22246
21755
7713
30317
6277
7862
15974
8576
26336
27431
16330
16745
4646
25233
7964
16138
451
10365
9289
27368
2868
10055
4051
17619
11034
13533
15486
26314
21645
29892
2381
5913
19122
7004
8108
17860
14480
30308
27119
31016
31519
24256
19963
28128
20898
30586
67
28134
26679
24072
759
8954
28845
12237
9591
26696
15765
2274
6158
24389
5020
24597
26589
19418
9496
25650
30485
31684
27616
16002
17770
15675
21857
24210
7364
10449
29934
13109
30263
17054
12376
29900
11061
13978
6847
25797
18178
13386
29095
9826
3177
11679
28750
5308
942
32027
27966
14855
9411
14133
30238
19479
29118
11007
24013
21027
5515
22022
28850
22474
23262
20345
17229
20819
3948
28302
20242
5433
10075
12322
20856
3815
13559
8096
8525
3776
2214
18211
28236
23394
3358
27359
7921
26668
13269
5053
16524
21758
1465
11589
15765
6975
11298
15041
20031
3109
1541
26527
22351
1072
7530
30488
11055
30712
4384
22287
24894
15913
18095
23100
14187
15052
30862
23945
12802
20424
29846
23740
28101
13992
7863
14935
22591
10142
3050
16060
16981
