29128
18790
4757
286
26803
9239
14451
4341
19230
1100
18869
28364
1792
12720
31404
7107
32460
4987
10749
32505
13299
16617
32582
6561
31402
30188
23812
16729
6895
16413
10676
21688
710
30713
13368
7718
28105
23114
14205
22769
9695
21987
16731
3229
16716
24976
188
12923
490
28237
16129
22909
14773
18870
2209
15432
22669
1215
18707
32139
1848
12965
24047
32399
29607
5157
25936
1040
12922
747
19324
7500
22982
12621
23495
345
14613
4665
22708
22203
21166
32108
24414
6454
31255
25573
6678
4577
15321
10394
1614
5500
29315
29033
20918
32003
11505
1105
4772
3203
18894
1250
24505
15405
27736
9714
2754
6057
11875
9106
732
10157
13217
6465
8668
6605
544
2143
26861
6805
17428
8932
28795
5589
22231
11857
3920
20796
19246
4839
31997
5416
15054
27415
29564
22461
5919
10043
5139
7733
21823
6531
4987
2166
6986
32306
28994
15082
21209
21514
15982
6795
17608
6404
14179
3901
8765
16197
13575
16481
7909
28238
14627
32679
129
25715
6669
22051
18338
3214
4484
26532
21936
7156
13019
8257
13361
19624
3162
24628
24904
1999
30689
6636
17788
5220
24270
5725
14011
7725
29985
21403
11423
10478
12254
12711
2544
17372
31411
24968
8041
4436
28891
19102
19391
30413
7490
23092
23775
2316
1514
29012
5751
2199
1677
25823
441
619
16004
17373
27228
26865
5607
22545
11491
14639
7670
5328
14881
59
20663
26644
29693
21750
29665
8653
18291
6646
8953
25975
10203
7108
17595
23025
20334
24392
28603
2957
26886
13441
588
13412
1829
24954
29089
24300
3129
31097
5170
5836
26654
13433
27489
7150
20197
23258
12382
19414
19668
6488
10312
13619
23469
20794
917
2484
23860
14539
19635
25117
7915
24590
10735
2202
19232
28078
30359
15699
27433
10292
30555
10560
24303
8060
11769
29503
28073
2666
4122
11108
21482
11481
9590
144
29406
22996
20799
29765
1232
26121
19133
184
31472
7802
2358
25896
26708
6006
10000
3183
7740
26568
57
16855
23962
9262
4039
10286
16850
12045
20700
10013
18622
12386
9933
17077
7157
18940
4227
4427
32589
23529
11041
17286
2206
27950
18406
29366
1225
3259
6486
10599
11769
16029
15252
23095
5929
18806
7187
14564
28903
30762
1133
10665
2903
9180
19603
15051
14714
6681
30759
23663
31152
13138
17190
19118
1916
11664
25034
24043
14984
8035
30639
13668
22249
5915
2612
28680
12963
14907
29220
26505
21616
31019
4246
8625
28605
11053
19217
27641
25078
9874
4852
21848
5379
10542
31765
31321
27411
9481
9897
22384
6040
17751
100
5518
2450
16299
8417
1267
19217
17767
17731
14916
31221
10615
12061
477
15865
3647
27279
7528
24560
12241
16306
32686
26190
7780
21302
31406
23273
32002
14922
5100
7681
6272
1468
29452
27262
27315
2146
7839
28538
24033
23736
31549
8959
25718
28106
16596
12818
14584
1877
23103
12784
23101
12585
25371
30359
6108
22993
14294
12936
17121
5238
19464
17356
22213
28161
15111
21045
11933
7552
18102
8934
6801
5067
14493
17685
27024
11879
22847
31760
15170
4522
29095
2686
11838
28192
2885
17128
15998
13614
25080
376
26639
245
15468
29440
25101
13177
7846
19773
1487
4355
2781
23646
13919
22980
17548
2496
23597
9914
18885
16380
18692
3544
30408
20515
6204
20833
2004
15432
24370
7829
27965
2879
16885
8079
9663
2469
16450
25710
4882
7200
20147
26547
31934
1768
4147
12778
13617
20103
17333
24717
5391
5597
14886
5157
16585
7526
26783
2482
27761
18368
27360
25421
4557
18279
2554
25612
19626
22980
6987
8998
20850
13158
19375
31319
12801
399
10997
13190
25781
9458
2960
14758
16836
2491
2703
20698
27347
16592
21456
6620
20676
15958
30320
25759
19407
24952
23941
5683
31188
10595
16656
9706
22255
15253
9005
30137
17486
8024
11661
2528
28991
21129
806
25549
23181
7070
23081
1086
21517
15592
29237
22695
20596
27924
15050
6099
23403
14584
15872
20941
31206
12941
9081
14081
25777
4407
24468
23199
20811
10061
25315
29760
15608
20693
24032
25804
28178
16271
27867
667
8096
18486
16439
28890
2858
5378
5334
1585
17611
24945
4306
1698
7559
9031
22638
13493
32735
17619
28492
32210
31395
21621
14816
17902
28168
19805
13092
5738
3834
23957
10893
13367
13491
19778
7742
24895
9357
27431
1405
19712
20500
8810
8035
30842
14688
7579
6615
4428
29090
6898
9405
2074
26108
21976
17770
26161
28310
10665
32347
9838
21486
20921
7975
5468
15983
27285
20659
31900
17478
6283
12709
7562
2417
30572
5915
16157
9752
14224
17820
21263
18209
3099
13903
30270
15615
20095
15466
20563
27850
31554
7918
5793
22421
27650
31378
13904
11260
29366
32764
27066
5628
14902
25143
15637
16648
4094
2402
18003
16472
31534
23973
5190
20869
17622
15978
6408
11603
21873
31177
5018
23245
2991
22595
15563
14488
28792
4276
15195
12417
27693
14467
9057
18776
24881
1052
1258
2817
20392
27552
19939
26824
26238
2010
825
9717
9643
15222
5438
26784
30134
31853
21327
28359
22648
20932
17076
6558
5923
22902
23751
17190
4483
27311
30808
4609
4739
10298
25169
16261
19954
5949
27030
1039
27527
3620
25135
7578
17187
4059
25513
9360
11863
26432
18105
8927
4902
5848
9763
8528
3084
28864
26330
7957
20799
27367
2921
10144
18228
891
22161
31420
22117
18849
308
31446
28754
24169
1906
21915
26053
513
20753
6857
29275
297
14626
13630
8512
5862
14561
31318
28474
5755
14814
17267
19945
29077
21338
17885
27725
28358
30452
7373
26760
9268
20613
14788
20197
2707
23880
12065
2586
15440
32318
2291
10442
13583
2512
10252
7246
9560
8375
21335
21685
11917
18969
29547
24073
6944
6900
11359
25300
26370
27840
18912
14307
11359
26448
12674
21834
18568
25082
20308
24745
19761
24567
12471
11437
4572
11276
16752
20953
31125
22378
24315
17542
16608
8148
13858
3112
26608
255
7887
32724
3353
30014
27167
11263
19336
10591
22199
17801
29234
10191
8027
19962
9994
16133
22461
19723
19063
10014
2962
17256
12037
10949
21483
15028
31067
22358
22211
5837
15469
30787
25812
3154
9714
25014
10672
24675
20249
20088
8716
21928
1399
21777
19551
27285
8260
14385
18348
19692
13768
5710
21659
9859
17680
15503
27855
10055
10213
8425
25716
28801
24831
18312
18967
17752
6773
6000
30907
9367
26744
25188
4137
12209
9281
9222
18311
771
29512
15425
20012
25432
20151
10468
11955
25778
7966
655
26702
28232
16488
16595
12893
16331
526
2453
7744
23533
30602
4019
2921
31780
11535
17643
8629
29099
5239
25336
17916
6091
15997
4093
15591
15192
13356
8743
28673
7038
1175
18062
2321
26558
23243
3933
22440
24371
12290
11571
13558
29978
28185
22473
23009
7825
5700
10708
23385
11679
16385
29741
16613
23925
1098
19503
27010
29683
10511
22880
12974
7278
8419
9812
5568
24497
13046
30927
12154
23873
24387
29994
26081
10726
21258
4344
8268
30566
385
6377
17852
27028
13511
19950
30059
15497
11033
23965
11688
8242
5192
14808
21729
27915
874
5033
22786
5673
10448
32113
22782
31870
26681
30786
3242
1881
8005
28809
24274
9772
12333
28144
28039
8082
9392
31362
25782
20880
32081
1296
26367
18203
191
17108
30915
18139
8085
21589
8575
16175
16451
12682
14169
13169
1868
8514
2297
3707
28595
16324
22938
32362
18351
22706
25441
15778
26022
6195
21485
27922
10585
22352
30511
25529
7517
1951
1148
5992
19658
543
16864
714
8503
15716
29110
11427
23781
12020
15989
13397
1338
23536
6349
1960
20849
23799
15347
9674
29073
22855
19513
5013
16795
15653
17377
25873
15624
12160
8755
58
18034
2769
4301
32003
6034
23877
29499
18074
28010
13342
5319
25070
17603
13910
26770
32111
15066
21126
4068
11796
26199
1031
6849
32163
15486
29527
14013
11821
22185
30142
16401
22231
11254
12337
26861
15841
4925
24950
27408
5088
8517
6025
30615
29774
14135
21567
22802
20293
21842
25897
31709
8328
1505
29371
20654
6083
29802
2733
15722
5652
1321
10658
4157
9417
188
2056
10473
18796
10272
11839
19550
23293
17628
5117
22156
15486
2428
20209
15989
8373
22081
5286
8326
15149
13847
5035
17191
638
10183
26609
18833
26574
1902
11892
2271
10136
11310
31773
13160
6060
3619
15335
20045
5751
2201
14402
9550
32645
3196
21429
12514
18756
22287
13510
8838
12299
225
26910
2901
4698
30974
17385
20697
25188
16482
31612
25633
20682
31155
19002
28435
5290
8495
5816
27652
29912
227
26399
23430
30315
13597
9170
3201
21628
21797
27985
10886
9514
5160
2398
1631
20449
28277
11102
19691
14557
14060
7169
8233
17897
6322
1061
18066
8301
24874
24312
25772
22695
9761
22365
29916
20025
7241
5266
29051
484
12777
14863
25901
13459
16850
7857
21870
30619
29333
32535
15214
4673
5619
12109
32543
24701
7317
4007
10380
3837
29182
18672
15212
22637
21693
5060
28919
10230
32487
3899
17400
17668
12996
27336
804
27725
32713
26464
23978
31247
21446
29662
7691
2456
11361
26790
1836
11788
31939
9864
1962
10339
7057
7400
14189
16049
19742
31516
21376
6314
15839
4374
11295
17765
287
9027
14610
20064
26611
13746
18490
31685
17521
4729
31338
11755
27933
3925
632
28704
5284
22160
23187
10406
18893
14120
25558
2555
13228
16429
9246
10589
24089
11115
5657
24206
10848
23369
16288
20693
14394
28657
583
21829
23292
14257
23090
577
28431
32417
32554
7232
9120
391
7151
16334
3224
2039
4048
27860
4303
27071
28282
22296
2172
898
12814
8199
8177
24226
21366
23987
21125
4195
15608
4888
4561
5198
19211
32163
27935
9684
20330
23541
19743
23860
19048
4580
6108
5023
20099
19906
20719
21145
16955
4834
2546
21154
29733
19801
14136
19734
13627
21250
15547
9554
28022
30149
18262
11544
24223
2840
17973
2101
2402
3269
6281
29536
26788
14062
17280
29286
30486
18255
17524
10628
13066
16836
21347
26132
5254
24075
10655
6765
10647
714
8390
20740
19688
29140
15861
23255
10899
2472
32057
15627
1847
16443
28998
8659
32075
15095
2924
20629
9394
10243
8134
29000
22671
15557
31157
7969
3930
32165
5260
3694
31028
13076
19597
18882
22647
12237
7189
19026
18578
19547
14611
28575
26388
15324
9918
6741
4870
7684
3976
28275
13950
29285
31565
173
20081
20717
13777
29455
9417
2992
31081
17634
28855
7655
12792
22995
20811
3129
27677
31826
22082
6714
17579
24377
2847
31026
27738
25262
14461
21535
5052
8266
20387
23805
21362
635
13401
16196
25759
27430
22778
7091
15773
11665
24779
29004
26351
24449
15499
6048
7287
17823
30027
11852
3817
24352
6528
9668
22912
21669
87
17743
32752
20064
22344
21075
2203
30073
11758
15571
1799
9392
29718
30006
10896
3139
7702
20298
9562
19730
25440
5768
32650
20225
19286
14234
10934
22174
31840
8986
27033
7684
316
19869
24588
29951
30870
28912
24370
11376
25305
29345
16882
20723
580
5057
28074
30912
320
19945
19233
10447
21233
379
19390
5440
523
22826
20216
16633
25063
1725
31758
16529
21974
15631
25592
9325
8885
2907
32669
20008
32449
32182
24134
13624
21421
9949
6227
24271
26354
30513
23085
3328
23655
1280
7035
26915
18193
10758
22169
11642
15420
6708
21573
4629
7370
22448
24476
242
2252
10268
30278
21865
12623
28443
18669
10951
31864
4625
8179
32314
12244
18731
30820
10221
5353
416
27945
28531
19473
13622
16511
16233
16776
23303
6568
15447
30915
21893
19168
17112
8707
444
13203
4347
11819
19415
4813
7912
21710
27878
24050
27335
16525
13790
28591
15325
21920
3041
9008
8440
18098
31168
12180
11790
27634
31423
22430
15649
4199
25240
16813
13925
10627
1730
3054
9125
11516
3314
28880
4835
30935
739
4024
3135
454
9043
11767
7962
15283
27726
1017
19066
28829
27310
27326
17584
31139
24291
32142
26169
3678
7920
1001
15331
7796
22966
14270
1072
26986
8053
15325
7167
18618
21392
22189
7785
24614
27536
17698
15338
10315
8044
14826
3265
1913
28424
23783
25241
27842
8443
24290
23912
8529
7829
30078
18328
17406
20769
21354
32101
8991
25703
28891
25478
26784
4725
14394
12559
19542
23711
27417
4246
16528
21957
21356
23700
19695
25044
5366
31503
2936
3727
13057
7286
31720
27024
7762
25037
8519
30601
24412
11785
7616
12496
12468
9918
16560
10011
7621
10231
15101
14472
31173
12133
28073
29664
17128
701
1703
4636
17875
5467
24557
10536
5459
28971
21706
31720
10831
9929
378
2937
16379
2279
8440
19897
16463
14064
32019
11529
21688
15082
9412
13649
28429
16033
23743
4677
24260
7170
32328
17127
18022
19653
14408
9805
1344
32079
26272
17829
26972
18134
29629
32630
15791
21702
30828
30761
2196
31075
3568
29639
3705
30128
1619
32004
27864
30864
32505
32125
24938
6444
379
11070
4503
20628
9906
28551
26160
13993
28689
10960
20320
1594
19256
31242
1248
11373
29639
24872
5739
26465
10096
32478
24690
14353
24657
11688
14608
11132
2432
13839
26944
16131
25063
30248
17998
25618
338
8797
32651
26370
13254
879
29765
15678
7957
21948
9718
32421
26287
11710
6844
3632
16827
1493
17417
13781
14182
22854
15772
14763
30075
28803
30896
9806
30005
17069
10099
24197
25169
4183
31929
11298
30822
7053
5106
22570
19065
8468
5465
3638
10444
30452
27247
3865
6392
29748
5800
30403
5179
1509
2148
6502
19
5474
30240
15319
5388
9173
7150
11062
10198
16125
27938
30673
2202
13103
3663
22342
27790
7835
11122
29160
5576
18897
32364
8036
11600
27012
6582
22181
888
11661
19280
21748
10864
16690
11258
16484
7957
8361
11943
18797
29706
26584
17455
4055
13066
32351
26436
20185
26748
17624
9383
5251
3400
10077
29595
2137
17130
14667
29339
1345
5573
15942
23624
2719
14777
17534
18597
18622
29943
13360
3718
19570
11540
30831
22854
3579
19037
9508
18105
26413
25963
15956
8545
13518
29431
1185
2789
10048
25071
27412
10942
1631
24520
6681
13620
27821
14103
9163
24201
15789
31835
19826
3700
23436
32029
4682
26577
24582
9532
17287
30870
23688
20098
27029
9737
26002
11898
19108
10544
28000
22150
14948
12169
12745
31276
5901
29692
16743
28593
6051
25614
23544
7913
20344
9559
12804
21069
2802
3894
18369
7758
27022
27843
32563
21225
22821
6917
3479
11132
22127
22374
24578
12504
5829
21091
13126
407
32555
23176
25365
29872
3213
13212
13417
19016
4425
28185
7970
24267
27630
21215
23281
5180
6979
14120
13174
26057
21388
19647
26533
22947
30984
17005
6254
17676
9150
18612
2717
5810
4218
20160
16383
6971
8978
2971
11206
28705
24045
10144
1582
6336
29382
6706
865
27053
20654
4014
29080
15946
21328
27549
644
11415
30585
15151
17388
11083
14552
11237
2967
24100
32002
23181
23148
31867
12216
3699
31448
1563
29805
13526
24176
14931
4355
12441
32472
1354
30166
21051
17891
22419
1787
3081
16635
7169
2762
13970
9156
16317
24985
31068
24060
149
27339
11221
18598
30103
15114
17036
11879
1503
2000
7329
13104
16813
27692
17787
24349
20923
27331
32440
20637
28877
20757
9834
22996
9097
24577
19840
3389
8841
23947
4738
32148
10927
29662
5250
13555
10168
397
4687
10043
27924
16158
2539
9141
28917
24009
27711
2553
15783
893
14606
17935
3359
18468
5928
22485
17110
6184
15584
27040
14296
8246
15551
14886
3351
9794
2682
23964
30726
29643
19490
6683
15715
13664
19355
25416
20052
29539
7247
14644
15286
2061
18723
28289
29618
14002
7851
6599
32145
18502
26009
13877
10193
20769
8572
14204
23672
1023
10151
5352
4008
13899
8814
4048
31860
31133
21657
14641
9202
28289
12562
31382
17041
13434
6881
9787
12205
6982
24922
21105
23393
31076
19605
1092
24221
19412
19999
27996
20856
798
10735
16673
23495
8597
11164
25891
13294
3805
15309
184
32758
17579
27120
12263
19680
14540
15919
23940
4153
10345
26527
2205
26607
10377
6843
30997
3171
8151
13330
10127
10431
3494
29500
23693
3466
16946
25106
19161
29050
27688
15391
10533
13449
8041
27217
3822
22858
14603
26356
6310
10366
17569
7649
5905
13027
18109
7411
19952
9548
4275
10427
1501
8950
415
2421
30070
6682
22697
9274
17853
18111
31879
13431
13759
22482
23620
14749
8564
27256
19776
27930
28647
20387
2681
21641
11414
20452
14600
17445
20508
24960
5615
25988
31757
1221
12561
5762
11810
15006
22914
13435
11926
18790
7937
10173
15823
17402
3267
17212
17729
1810
371
19592
3984
8401
18550
16381
19444
22170
22643
9529
24802
15654
23315
2004
20969
5843
25093
26699
15578
27711
27974
14652
12843
4886
9887
15577
27805
5928
30319
22167
11293
14783
21930
9510
14312
31535
290
30886
19443
25262
29189
31000
30090
30822
16295
4370
9015
9673
20098
28855
27621
28709
28796
15591
20805
16760
23144
16051
369
13189
4814
10004
23504
4391
15855
15068
15673
486
27396
31468
22363
5064
18119
7336
5980
5993
22324
26280
24512
590
9361
17840
6541
19319
29612
11747
24748
30259
30052
7219
20371
16185
3946
19484
11809
8179
8777
30098
1993
7197
28836
10040
27891
3471
3007
4306
25503
25175
26946
20989
19276
267
1593
8478
14360
18270
15198
24216
2344
22256
9883
26690
15946
9323
19915
16664
20697
31947
24257
24880
5090
29949
12427
16880
24452
30636
27127
31359
2973
25944
29015
121
32163
31400
2434
24807
19919
28929
16411
1390
18305
3415
4374
22982
18656
4419
25463
25966
17856
16982
17245
11678
29130
31662
32064
29566
21974
32198
32375
8853
21660
28818
7933
900
25228
19404
14452
1780
29946
6537
11882
15565
27774
18191
19420
19368
32411
30698
6648
31880
25246
3901
5159
11972
17865
25431
23883
18504
19121
20358
23109
30206
6117
6192
21947
20614
14800
21791
4376
14637
23521
22045
26324
797
7401
13761
25077
15569
708
3720
28374
11724
20795
1575
2343
23691
18473
8992
2869
12472
3293
8340
619
1440
17088
13400
11545
16615
5943
31563
1397
16762
17611
32742
32224
15046
20872
3860
21098
20520
3234
20292
5015
1188
3935
19901
20068
21209
17712
30258
30085
308
16161
10391
28657
1637
22132
24883
28832
4623
25225
9973
31635
3524
1538
13323
15382
10800
22308
3249
4162
19604
26495
30791
28101
28791
28369
4263
998
20888
7464
23477
16067
29222
22599
9016
4061
20787
26699
32488
8151
25959
22414
17607
19835
12273
2508
21429
7678
31683
20100
27711
645
7423
29345
3001
5863
17580
5466
32140
15797
15534
17495
5840
15736
8181
8981
20510
17209
25332
8587
12703
28231
16469
1550
17769
18740
24043
20082
1036
21537
15848
11378
28519
1083
20560
8529
20417
23686
14509
31938
18197
986
7173
17158
11948
31787
2825
15956
29425
24333
23695
16253
24962
17270
3138
20944
7555
12486
29080
26171
11831
17158
25349
14772
23505
25709
6511
31447
20103
16425
26593
29393
9193
21084
7043
13692
28273
14692
6090
7371
21339
11359
748
4969
15030
15086
5783
29341
17852
14906
26850
30577
32607
821
16772
4883
31524
26147
20291
6779
22068
30552
20912
6478
20145
6467
2834
19459
25926
26539
3744
1348
15618
26681
16115
663
11622
9271
4282
29757
15036
3991
26032
15450
26795
24887
5067
10583
6921
16483
27830
12165
30960
27548
22914
26115
1556
15511
24217
19169
26195
11657
7155
4741
32654
17314
7564
1614
28088
727
4117
13944
32044
20197
11753
832
8004
23955
30788
16712
3367
7735
4271
32060
3298
14971
18111
8886
3259
5217
11775
2655
2241
25989
20523
13144
28328
25507
20383
11224
29652
3672
3598
27926
4532
2605
11127
11881
7249
11473
29013
29613
10023
7846
32279
23274
11315
13695
17615
27952
10573
27817
13614
30405
10168
7720
8112
10883
25080
24898
10772
5243
31715
12866
26639
8158
251
18294
27713
13342
7419
14202
25960
11600
17072
21688
7124
13269
13578
25136
25371
14137
9843
1397
21517
4187
25183
6648
25322
3790
13605
18825
9683
30080
1549
3611
24447
10905
22442
200
8751
7846
8810
6677
7908
12023
15723
18294
29903
1861
18832
31253
5385
18073
21205
4815
3716
27496
7135
20351
22082
19203
18392
7552
24516
6191
22137
30061
6598
15631
9832
9259
9001
3147
29125
9514
19505
3435
30975
29159
14320
26756
20461
27318
12802
13591
282
15550
3195
12342
31584
26949
6686
7656
32184
21038
6352
22991
30032
28607
8268
23304
478
5032
26903
12115
5173
23873
32695
12660
23317
17172
14368
32473
29256
21915
30063
28796
2026
8011
6618
6923
27657
17873
13031
6727
15982
20635
13789
11178
11961
14490
24696
23628
692
9542
4577
19975
22241
31459
12253
22489
19797
7683
27717
1419
7881
4173
32438
14992
16879
19068
9865
31792
7426
30635
2310
9958
30113
30159
16340
4870
4829
16261
11188
27810
17809
8974
24432
17071
19186
27287
14093
4452
15718
22974
28488
19427
1946
9299
20801
10523
3534
16987
18033
14317
372
17755
26849
32397
4858
4819
25502
10540
30180
10248
14184
3028
27421
19206
14250
31635
17807
19686
21423
17115
7409
16717
18
13609
8928
20277
21622
9701
20018
32496
12664
18057
20615
10601
738
12294
2592
27822
29217
7012
28661
18859
7418
3496
6145
20280
9336
31482
24545
30295
10281
9479
24989
5046
394
14501
10950
636
21439
28341
27073
27714
17287
13390
1378
21086
27504
7704
21181
15464
24647
10997
23864
12279
22995
6631
29925
21932
21443
22318
30479
28530
15076
17584
1299
1027
31383
24990
7537
25519
32387
5461
19235
27225
31879
8578
24366
8898
6898
32650
26742
12042
18167
11561
24022
6771
20315
11353
11888
30825
6001
14965
11330
29887
30280
670
1275
14652
5667
20318
15628
19542
26665
32651
24833
19773
94
17006
24850
12571
28114
24357
19189
26010
25369
2886
22007
31912
17146
5317
30027
17783
25963
25368
25762
30407
10430
5016
25340
20071
8981
13611
4029
18937
2075
26400
7683
23799
5878
24410
21047
18419
9335
7089
32226
29987
5524
17045
28098
32284
24089
30452
32286
16094
22426
9054
18774
6673
1196
104
9406
21134
5205
23118
24492
7713
14784
23004
30928
21901
11317
21646
15812
26065
25417
26614
2276
26282
25426
25694
4448
31321
11806
19119
400
23206
11237
24977
18311
14117
8315
9684
21482
18616
202
6671
15107
15957
15488
14726
27665
26378
20485
4689
29410
15678
12976
19131
30628
14137
30010
5609
28921
231
9331
23484
15433
728
17459
6135
4188
23180
30356
13477
32296
10222
9054
25525
29671
21534
13251
15336
30317
13683
13901
7405
1209
13505
32532
7882
22986
22487
6196
4221
180
21836
5758
18915
28402
5500
9838
21722
6398
17613
25949
12706
13599
23351
23288
14986
8322
15619
9969
27336
6797
22738
14069
3240
19056
26338
6365
4841
17149
11661
15656
8547
30905
28434
15785
2286
24115
25752
31869
14976
6804
27248
12096
30101
3704
16795
10880
13780
6908
2700
370
9199
24344
23854
19940
3531
24368
8745
13427
10721
19173
4450
30974
10724
21809
31168
14171
24739
21171
13878
5192
32562
4679
29694
31396
11588
9178
11810
14559
220
381
577
4783
6437
20151
17040
6916
24733
8736
26911
27199
14969
3371
20574
1182
8006
22084
21727
1275
27852
6427
17501
24503
27959
16703
15870
20977
22905
4846
26581
20731
23274
13868
7595
3598
20529
30738
31999
25148
22888
13929
29259
13991
28539
10615
11145
15601
2769
25
5110
3059
7471
530
15638
29874
25305
11427
22776
9102
20218
32092
10683
25021
5957
24369
2641
2808
8925
28112
29827
2932
24690
818
10293
31252
18349
17264
22508
8925
2511
6873
32397
5546
13717
25153
17000
3361
21086
7579
2420
16869
13967
2251
8924
32269
7479
26293
10683
1238
16111
18074
1316
8852
29189
13220
10598
30959
5593
703
32398
23371
19846
12971
4141
20360
19909
4687
27227
1772
16911
8529
18427
25437
3330
24291
30273
23764
26630
31456
4466
23310
9776
7447
32491
22405
7783
14055
18533
23454
197
4876
15479
12068
6975
6072
30812
19189
20873
28389
16119
25595
19508
2282
16660
8798
8986
11597
15089
22776
1787
3545
2813
20746
11880
4080
9695
32301
2528
16418
3002
11915
826
9214
8880
2894
19522
24103
6821
32089
167
22699
15941
18998
7957
27025
21832
32080
7582
9649
31732
29027
7518
21961
5092
3632
351
16844
12809
3701
27834
18045
11758
25116
27647
26941
13888
179
19927
24097
3725
16412
28392
13384
23116
902
31993
7276
6430
22172
30039
32182
14419
18683
25207
19671
23984
7658
7388
22868
20335
9285
4923
1313
7560
19131
24030
6770
28719
17466
8518
13262
8094
20646
1044
27237
30996
32209
15402
16035
21790
29864
30477
28421
25365
9898
8589
12588
19944
28575
21161
304
7707
32646
23981
31542
32016
8399
20381
29509
15750
11978
23510
16213
19807
20576
31731
26537
29862
19201
18158
12639
1488
477
17287
14150
25410
30039
14826
1263
32276
22198
18572
26631
12821
1054
16470
27619
8975
192
3077
13149
32588
15693
9937
9439
19288
17584
26188
7357
6921
8444
7054
6600
23485
3235
20367
6176
5091
17386
7892
3657
15293
2713
30798
16513
4963
14839
17279
24145
6668
27381
12766
7779
2697
4266
16253
19603
274
5887
9961
32328
11845
22956
19537
24837
15212
1891
25579
22331
17407
17738
22420
22370
2154
9903
12215
16711
15887
19704
879
7592
8335
17368
13296
31742
10309
28105
30499
25242
2580
5302
30096
1267
25699
29431
32641
13375
15717
18563
7524
15936
13982
20577
32626
11873
6563
10848
4238
9473
8737
3336
12400
14607
10528
21456
22786
6103
5513
15762
13066
22299
13798
28475
24074
11622
26474
3783
28516
1181
11825
2669
27842
6871
8904
24598
17845
9582
22768
30996
4253
10839
9119
28177
3784
942
23112
18245
15326
16789
860
3309
27772
24127
2065
15352
16415
30792
21858
29443
27204
1864
3671
27527
5837
16039
13190
4945
28071
4787
25562
23091
31146
5103
6803
2042
30400
5294
3726
11935
19274
19681
5831
3266
12479
28718
14364
29779
20374
27202
16468
2451
21095
13671
4703
28219
13389
32601
2015
11514
20110
4181
3048
31013
27006
10356
21252
5803
21664
18231
21627
32327
18959
4451
26833
4601
8476
18703
12687
30134
5177
3067
11847
24671
7702
19491
8914
30960
12809
13972
13020
5114
21427
31871
22179
25939
20961
12940
3323
31243
10416
14960
28310
3747
20213
27330
1666
5498
29403
26890
5107
392
27086
27164
6467
10574
22424
19620
23607
22029
20682
16897
15236
21303
31838
31063
32145
4643
30874
223
31871
13828
1848
20866
21351
7196
17603
14503
28898
13357
28484
5193
13007
15665
30
5452
28496
14922
7479
31761
3862
13308
9560
840
7391
6554
23511
27909
28220
22270
30579
26134
18840
29309
6271
13205
11638
18203
27203
24249
7418
12026
29599
21233
5547
12825
23281
8756
4727
3387
8505
25490
16376
9508
6267
24592
17909
14859
6501
434
18988
28493
15410
14553
4174
31583
6350
19407
23372
5126
21051
17569
29649
27338
28979
28973
30735
19880
21007
10619
22719
16391
10727
20561
10083
8173
26363
16897
6607
11123
28753
9606
26343
31350
2208
21455
24746
16528
22637
18779
28528
27462
25460
22022
21103
28803
27977
32547
18820
24902
4415
18378
3121
5271
4489
21363
12770
32447
8607
5828
28532
2232
12260
2728
19959
31715
29317
5537
16051
22009
15268
8031
12394
6468
22710
657
2525
27919
297
20731
11665
8795
6218
7625
27347
28883
18023
16931
32762
2
11568
20481
4588
4292
15203
10049
15588
23290
25513
24823
8818
29570
15035
1284
6339
20071
16584
15850
24354
12628
23067
32478
31679
10831
15097
20511
9903
24227
19144
13703
26165
17950
17015
25439
16448
9853
2585
13688
9524
25381
6611
7287
30701
29972
25081
30065
22274
7958
32372
32696
2886
12860
14695
25844
16277
30346
8466
1909
26061
3056
13558
2759
27930
22396
28217
19079
11639
20685
10061
13174
11377
17355
9933
13004
7982
23189
20903
12239
19887
955
18560
17315
15186
2222
29780
9060
14491
26740
18013
28786
16947
19104
12087
25356
20785
7810
4417
801
153
15003
12870
25442
11298
4179
28765
4764
27709
18415
15885
14149
4946
22717
10677
2389
4173
29073
29739
7767
23129
17781
31396
15295
18923
4253
30676
9086
771
27033
24662
3796
21679
13006
24141
19301
12752
16423
12364
11920
10016
1288
28531
21244
29300
24196
219
21619
7999
19919
13877
32244
19544
14070
25005
7683
32509
30669
24853
30020
10007
27433
25663
29512
14527
11344
29354
13735
32514
11950
29793
32079
3041
32202
16929
3611
27036
14712
186
11432
28977
8783
19383
11876
27167
19037
29505
20455
22383
15898
20801
17799
5621
14747
31173
14886
12244
15880
19109
12367
2368
6992
7782
31106
19080
16923
9822
14283
11091
29185
12313
7577
809
6137
23036
24526
17206
28948
31528
3603
15691
17771
17058
17774
23590
20309
20912
28950
12531
8926
21894
3462
31251
10613
25633
8656
1819
1509
8308
25396
7712
29831
27074
14065
17970
31669
6731
1627
6950
129
6442
6446
3737
5031
17278
27170
14897
2753
28872
10687
10022
14778
5780
25459
12033
24709
20316
30946
22948
8463
18601
26493
23691
4466
23675
3158
8017
15979
23019
23090
26998
12814
16655
13792
7519
21176
30238
27850
9374
11846
12244
31178
29044
1412
9496
3135
14740
11240
15837
1375
20010
3969
19270
24527
13596
32042
2829
13681
26512
29955
31269
22397
22958
8994
15006
11475
12199
20613
4298
19087
17398
24651
15262
31454
25318
11556
11354
9745
24404
23303
24941
20976
25782
28963
26770
11089
10844
20503
19520
19945
27638
22629
28737
15969
19287
21796
8608
19116
32632
32502
24009
17561
29888
11066
5356
19108
17026
31619
27554
4882
6600
8520
16339
27965
4431
2525
29911
27948
29394
1697
19163
30054
28043
17786
17799
4872
20984
11646
26078
24598
15067
29683
15205
24591
18308
32122
4231
2756
19282
24455
13880
31081
5752
5652
13017
27117
15357
16791
22619
3207
30983
305
1448
20370
8536
15656
5950
7578
13593
30103
19229
16823
982
26980
7140
26137
203
10611
22327
24805
11358
27673
29539
17216
14060
13524
26693
24232
16584
9273
3944
13451
23425
1069
20333
1042
12388
25688
5808
27198
28738
23255
26920
18487
28788
15665
1423
25569
6427
25997
26051
30383
2220
22562
7789
7868
4269
23790
25056
26136
28601
25003
10820
21599
27850
14335
20211
16017
14264
1011
2339
18717
13052
28326
11206
20543
2746
28995
4782
10892
15615
19504
3317
31180
30535
32392
18076
32263
27970
20940
30066
7907
3287
19925
19767
7981
13162
10509
32514
11957
18522
2271
18400
20063
24782
9836
21182
14967
20658
11136
29065
20293
19708
23492
29075
7137
820
24117
3897
5961
18995
15060
19651
11185
20523
24735
12427
3098
27111
18369
11874
2086
26452
1030
16431
21035
4417
23441
29145
27526
13411
13777
25703
11058
23964
30385
3174
4761
11132
6671
12171
25769
22793
9072
26010
13099
26043
13810
8326
22096
32459
26754
32730
653
3502
10830
29527
28841
4060
19325
28895
19477
7125
32286
16786
23419
14182
25439
10806
6041
25384
30976
29404
9296
32587
31495
4544
24568
28049
3508
32114
31991
5277
17335
27187
22930
10350
21665
30370
2563
23591
6041
2968
18635
24849
5712
29520
16713
22242
19511
27595
26764
4416
26095
14450
22630
22145
5376
30462
24769
31669
19407
15253
17206
486
30154
14389
19676
6302
32742
29526
16990
10666
17739
20939
21073
21022
13389
30698
452
27801
16287
17900
18200
4298
28611
29591
18194
11315
10437
3866
26670
6189
30761
25400
12342
20781
32546
2216
8212
13125
19717
9916
485
24558
15868
10050
23886
12548
12799
25000
1555
23826
12288
355
30949
12496
18790
11152
31356
490
20925
10204
11494
16131
16044
4258
3871
16634
17447
20052
6881
16748
229
25116
29885
6778
20245
17347
25195
13260
3405
22225
31583
16597
29635
15094
18332
13401
18879
31656
16589
3373
3920
25358
27026
24639
28479
29725
28440
17366
3393
20481
2284
26
1136
2750
2833
10454
10748
13079
24144
1149
26654
4527
21199
25707
17742
25454
229
21102
27574
4902
11309
14213
17638
13942
23769
24551
32201
20975
9033
71
1752
10358
14813
8279
25741
6633
30983
3723
25627
21766
20900
16671
2140
24712
16780
18523
17163
16274
30311
13846
20019
13649
4803
7801
14823
27614
18788
5637
564
609
17115
20695
16724
18044
347
18219
21028
7399
14023
800
30425
23895
16655
31675
22510
9637
16573
8493
28512
26668
32203
32345
13342
14707
3768
5009
6587
8460
30171
20128
14439
29115
10486
17422
12573
27867
14094
3487
8734
13566
122
29213
16285
21460
13627
14935
25788
22350
3467
22378
12471
18946
28856
15935
1119
2770
32307
7253
29643
18376
11492
18881
74
8261
29889
7283
11931
12891
13983
186
19809
6007
22088
31499
32721
5187
15053
30462
24750
32714
10526
1945
20855
9694
11479
31953
18911
10422
861
29262
15229
9692
15658
15215
24005
8775
2405
20622
30263
451
24502
8581
28886
3482
31832
29040
23772
20077
25200
8117
8620
15715
22685
578
8
4230
5072
13590
13188
9833
1118
771
18490
21774
31059
19378
30912
8200
3594
2791
10327
6621
5626
25862
19813
29870
31443
23767
24614
1562
16586
5766
8606
16991
9520
19438
20178
29378
2890
22038
5175
11058
11101
28668
21867
17192
14344
5778
7459
21969
28118
10759
18789
3439
16660
13383
18423
15869
7648
30917
30487
4881
28291
12664
32364
21767
23553
7459
13373
2396
31982
17114
25313
29272
26242
3778
630
12784
21488
11288
15062
5098
22516
16501
16839
17218
19627
27728
26994
28365
30120
13508
29463
8476
2116
14995
31230
20387
3637
25196
2737
25882
22115
21097
14952
19236
26615
26844
21189
14127
11188
4171
26049
16027
16266
5305
24039
30238
10344
24103
24256
8295
22099
13403
2446
12289
11957
28640
31292
8315
4343
15438
4246
27334
2385
20428
22966
6366
9697
15314
11710
15532
8699
15156
21965
20012
23489
8540
20011
13515
18419
20182
30919
19
22536
20243
21476
5001
1661
870
2319
18902
32109
32595
26708
21286
2914
31241
9137
21198
23147
31021
24267
49
7534
6361
26336
20196
10176
5349
9981
25104
8947
30565
11377
20248
22255
4210
20353
29564
14404
6958
21597
25086
12479
13314
6227
11011
22076
1066
8003
1083
954
18036
5459
4996
2229
2372
6371
24844
25264
20956
24772
13494
13585
1242
4772
25280
29489
14338
24013
19362
28852
20798
11792
4921
19478
5859
2811
21284
26503
5430
30547
19567
25593
32047
25790
23662
21111
24701
4031
14572
4024
28361
22503
14214
32244
6207
26698
9297
4342
14667
17457
27587
24691
13216
3086
7120
13466
6271
3765
83
16620
18486
31432
24240
334
10983
17523
5303
27996
26250
4954
7884
30209
13877
19664
18757
324
18075
3658
4372
22629
15316
11283
30630
15401
17500
2113
19979
4978
23901
21991
15190
26642
11313
7308
583
9697
4386
4060
18983
20494
22389
3998
28404
8370
9896
25574
7358
18091
6391
2444
14929
13735
6949
8924
26388
15487
31096
24719
4145
21959
15878
30459
24822
26275
17455
29574
4732
24539
9579
1632
24198
30002
25414
5234
6571
24308
29352
9617
14520
22991
3162
760
17744
22755
26310
6645
1493
7708
15614
30434
23692
11456
18176
27735
8699
19012
1849
15006
32406
356
4423
19303
1947
23411
11779
21949
9019
17391
191
32313
30714
19032
4556
18294
27480
13890
25152
26308
29617
8618
27893
20769
16738
3462
14549
5221
813
9375
24661
20668
18911
8355
12864
26201
20271
1398
20406
11113
9194
9930
27508
15942
2381
11247
3670
18414
31154
1516
1305
17075
9328
3022
23398
6452
24828
12608
2060
12683
23892
2908
11918
14536
2973
6081
6621
17055
4874
31206
21606
4445
18433
8878
335
6688
28537
5692
23294
6472
20903
17416
31452
19241
24537
9522
20056
7426
29090
5399
23854
27187
23863
6179
17641
6570
28441
1254
3494
12191
1268
17257
15388
10113
20423
5826
17625
10800
326
9446
17614
29804
26749
12479
8974
398
16821
14974
32723
20085
15771
31283
5314
18628
927
26778
27248
15947
13211
19000
1828
24770
10933
28839
31455
12733
3974
9775
27801
27356
27004
30614
3278
13890
18300
20536
4409
19273
14796
7258
7648
17268
9009
26043
16208
15270
9556
7788
23082
5521
11370
3554
13278
28016
24084
5194
30903
6137
28548
14364
25368
15501
9954
12787
26629
24499
3054
27292
3300
29124
3046
8044
19077
13800
5290
8407
8545
5440
27422
24383
17183
12901
16592
14858
30045
20754
19675
17655
4524
26141
27659
30642
18140
25516
3137
31654
32635
5541
26393
3090
4504
8806
20427
7263
7116
951
6223
14513
13180
3068
20933
21692
18520
19376
27667
31961
24871
27406
30928
7512
5575
19473
5473
21528
27247
2207
16481
86
28728
8449
7751
1219
20188
28311
28994
28633
7101
11978
18536
32366
8745
14913
10768
11402
220
15448
15740
18550
16582
32462
14268
15381
18703
7613
4046
119
21593
14288
15882
28588
19269
28336
2750
26838
10296
19391
12309
31362
18527
23817
21309
1849
19952
7800
6344
6225
30643
839
22611
21257
4546
13240
13158
17366
25485
21258
5020
29687
16160
24997
21508
32079
5545
3993
6598
4212
13620
4934
8202
8452
5050
22620
31509
11320
19290
6919
5813
19899
11238
17251
29664
5820
1441
5430
27032
23362
4423
2014
27921
27071
6478
23176
9494
24809
18540
14499
19625
6085
16729
661
10474
19460
25558
3756
5690
2707
25326
30295
28831
1646
4220
17302
23402
20917
493
4783
11288
11521
29255
31779
31863
24824
1386
23264
10250
22047
20631
17080
14509
24304
19502
15122
1660
26669
4796
4575
3826
883
4404
23248
18254
18
3197
28358
28219
1564
8237
32651
8367
26556
6805
5055
13844
7369
23037
32533
10150
7323
3888
10943
1820
2590
2364
16934
18570
26148
28275
6111
25478
15360
1717
22234
3978
31824
31474
21469
8089
31258
11754
4913
16677
15899
4663
22172
8753
9307
8590
18319
17075
30725
22850
4511
30012
374
24585
313
21210
14996
14595
31378
9790
7521
10232
23774
4634
16592
10978
9666
30413
14295
11435
26891
23362
26309
21815
28832
23829
17110
6821
6325
27640
12292
30674
15426
21590
28961
27679
17844
23862
24099
10357
14306
32097
21695
3462
17218
27591
5945
24405
15197
3871
3450
20984
128
4302
7267
21404
12725
5898
1889
14283
15089
27199
4161
10218
5007
2481
18758
32006
16637
29540
19833
26320
29110
9017
21313
997
17520
3417
19763
20307
3990
6102
3371
1881
15608
22416
7580
29039
3522
5206
17700
8070
23210
22606
26724
6801
9326
3735
15886
5700
2174
29996
2367
4636
28149
26124
19984
2975
32462
15256
13416
9701
16725
21564
3348
27223
26075
31057
11545
1719
7342
11586
4936
11361
2121
9454
3092
29904
8135
28750
18337
28515
5534
5720
5661
15457
5769
10275
15955
22844
29894
3915
8829
530
4994
7063
10074
19577
9874
5081
4481
24444
6755
19990
19701
27873
14388
4839
21241
20398
23170
20511
8742
29675
17860
24238
31930
27560
31065
24518
24883
21826
3263
30012
28957
30435
27909
22832
14888
13128
3715
6384
5501
15303
26312
30490
4434
9104
17108
14593
6332
14387
19848
25426
19909
17250
23130
10744
18879
6648
18509
5948
14296
7227
4385
11825
32238
2910
22726
3151
26532
22603
4375
20062
1973
20383
1477
15510
17288
18165
25745
516
15621
12135
5567
29487
3752
12626
30919
10236
3539
13658
22861
27855
1897
32430
12371
20211
10904
14989
1454
18492
5622
10506
1462
19946
15056
17164
8002
18129
2750
408
15828
11447
9083
10835
29712
23806
27892
17730
10867
23683
23967
8149
9793
4805
22798
292
31935
16458
23748
29560
18083
13374
28487
18189
10185
1374
1399
12822
32551
21012
21021
12802
21251
19427
13255
4606
19811
4614
13524
15035
23750
8020
20939
12145
19729
20327
31217
23588
27852
16125
32282
6438
4750
2974
25023
2013
5814
13952
16977
11462
5468
11943
18637
27322
3208
18000
22929
17264
10913
6032
30318
324
24872
7225
1790
11830
4006
31997
31543
31798
23266
23510
31809
671
1112
7589
8069
29953
21991
30489
20487
14115
30154
16594
25077
29256
14025
22214
1152
4018
14512
1764
1514
15461
27905
21240
7648
23085
21478
2511
12811
482
1385
31643
18658
31467
23271
19864
7874
19457
19650
12528
4416
18741
22615
221
21694
17205
560
3085
10300
15307
18554
3402
31601
17318
6585
5978
15130
25949
9146
30756
14227
16817
3785
22293
22948
16659
31013
4802
6557
32358
18097
8655
27813
20229
6380
31503
7247
3080
803
18668
15470
195
20198
27658
13099
8848
25784
4391
1876
30159
11530
24134
26871
17450
32107
31500
10288
2078
26105
30826
3647
12726
29467
23420
19677
10394
14194
20401
30673
12105
12812
17453
15550
2979
25819
30827
19775
6314
12134
15399
12085
9609
16831
26235
26464
17878
15285
18504
12845
30484
19530
7639
16079
16252
25960
17344
8337
10749
22479
13067
27243
17281
27474
2198
10451
32114
18243
7094
11733
6524
16172
26657
25446
661
22463
20236
6134
14139
6160
29584
31044
10493
31490
13906
12662
13629
5375
5219
23145
6964
16877
28005
15174
4919
28509
29936
1110
27448
22277
21300
32023
19599
15728
14559
22671
3835
2292
27201
9184
15587
17637
1453
797
11490
25864
2339
12380
21635
23882
23341
28940
14409
25010
23303
30089
7411
25237
15362
22254
24061
6409
12330
10027
3434
14235
9767
18263
16577
4933
7777
30791
12118
22682
23400
22879
1482
8516
29074
18856
4821
32176
31206
24355
12611
18184
27704
26717
4925
19810
25750
11332
21194
13879
22499
23609
27542
7958
31682
27750
497
22681
26038
18002
6938
19865
9607
2482
10942
27294
24295
20355
6588
6553
9813
9045
10795
9686
9538
9962
23710
7212
18802
5119
15014
31607
934
4202
10905
18760
22904
2149
12434
24282
20102
810
16569
584
26834
9664
1733
8190
21609
22548
18111
14445
27203
16459
15112
22020
7787
2135
5021
8027
6495
8648
31386
22961
186
31717
16893
28568
13072
24572
7853
20463
31514
26614
5307
14609
32275
17198
30951
17484
26977
15748
11110
17813
9080
15533
28642
21369
1020
10189
1731
2903
22309
27975
27565
26061
12392
6867
23881
12144
20564
15314
4681
31168
8634
29151
16294
6235
4624
31655
21548
32368
18711
7674
3385
4215
956
8994
18626
15903
5692
25715
14486
30856
22924
4643
23271
22707
2040
11612
23558
2615
19722
26768
17774
20021
3245
25101
7684
10893
9618
27857
24477
6482
13011
23455
26049
19580
4311
594
14767
23005
10613
24946
24480
25431
19292
12293
2384
3915
4274
14247
20923
25940
6395
14045
26148
25398
6717
15783
16476
24081
3425
14420
22081
987
31197
7322
25221
4364
9360
27878
10929
3739
9709
1521
26217
11306
11100
27284
11249
2686
26589
477
1520
2609
30703
31586
5748
29355
15536
19925
27447
1358
29253
985
26401
20721
1404
19220
25869
22928
27824
31110
30672
26689
2030
32025
27511
5994
19541
27001
27601
28466
16067
6181
29742
9781
430
3783
27749
23164
31311
8129
5916
22188
20742
30984
13635
14205
20730
5429
738
1390
27392
17113
28949
5816
24510
13841
16724
19840
21776
22619
26104
1616
23210
19112
19451
19144
8703
19891
29184
7313
28002
1168
28819
27795
31339
17800
22449
4712
27549
27940
1419
22544
30021
26504
23175
28134
20901
25602
28296
23250
16466
26339
11119
15553
5339
11662
28898
27986
6315
6350
9548
24274
17457
4461
22564
17771
4926
6914
22899
24728
30894
2314
27280
30940
13642
2618
27694
26036
5613
32276
11673
12234
23782
18617
16701
9067
23198
6398
31336
26427
31099
21697
30801
27432
16643
8062
25176
17308
5189
12061
14735
17655
12148
25358
25466
29500
10454
20888
21011
6666
30940
16238
27921
8399
19859
13700
8298
28472
11579
10528
